lastlocation:
  world: Survival
  x: 27931.69999998808
  y: 86.0
  z: 42213.809071189426
  yaw: 153.50003
  pitch: 50.250053
lastAccountName: Triple_Craft_2
timestamps:
  login: 1528355578185
  kits:
    starter: 1525565672776
    claim: 1527980662748
  logout: 1528180281952
  lastteleport: 1528179513692
  jail: 0
ipAddress: 110.140.189.239
logoutlocation:
  world: Survival
  x: 40132.697999569995
  y: 67.31560003972054
  z: 8887.699999988079
  yaw: 5.2471924
  pitch: 42.899952
homes:
  and:
    world: Survival
    x: 40129.86263557432
    y: 67.0
    z: 8890.290642791262
    yaw: 79.64925
    pitch: 8.250019
  home:
    world: Survival
    x: 40209.95046808074
    y: 64.0
    z: 8844.057551680458
    yaw: -84.45082
    pitch: 12.300018
  greywold92:
    world: Survival
    x: 27926.53410211451
    y: 71.0
    z: 42204.53900516546
    yaw: 267.65018
    pitch: 21.000051
jailed: false
godmode: false
afk: false
