lastlocation:
  world: Survival
  x: 40206.09087728608
  y: 63.0
  z: 8843.70751675417
  yaw: -84.75084
  pitch: 2.250019
lastAccountName: Triple_Craft_2
timestamps:
  login: 1528014204816
  kits:
    starter: 1525565672776
    claim: 1527980662748
  logout: 1527983644764
  lastteleport: 1527983582728
  jail: 0
ipAddress: 110.140.189.239
logoutlocation:
  world: Survival
  x: 40210.567715581645
  y: 120.52126527387618
  z: 8844.600460547545
  yaw: 53.999275
  pitch: 43.35
homes:
  and:
    world: Survival
    x: 40129.86263557432
    y: 67.0
    z: 8890.290642791262
    yaw: 79.64925
    pitch: 8.250019
  home:
    world: Survival
    x: 40209.95046808074
    y: 64.0
    z: 8844.057551680458
    yaw: -84.45082
    pitch: 12.300018
jailed: false
