lastlocation:
  world: Survival
  x: 40112.89391419801
  y: 62.0
  z: 8898.957820360542
  yaw: -345.90085
  pitch: 25.200008
lastAccountName: Triple_Craft_2
timestamps:
  login: 1528055788234
  kits:
    starter: 1525565672776
    claim: 1527980662748
  logout: 1528058989666
  lastteleport: 1528057624671
  jail: 0
ipAddress: 110.140.189.239
logoutlocation:
  world: Survival
  x: -11356.324156598695
  y: 84.13912975299695
  z: -2002.239864842076
  yaw: 51.75067
  pitch: 20.84999
homes:
  and:
    world: Survival
    x: 40129.86263557432
    y: 67.0
    z: 8890.290642791262
    yaw: 79.64925
    pitch: 8.250019
  home:
    world: Survival
    x: 40209.95046808074
    y: 64.0
    z: 8844.057551680458
    yaw: -84.45082
    pitch: 12.300018
  greywold92:
    world: Survival
    x: 27926.53410211451
    y: 71.0
    z: 42204.53900516546
    yaw: 267.65018
    pitch: 21.000051
jailed: false
godmode: false
afk: false
