lastlocation:
  world: Survival
  x: 40237.031269731495
  y: 71.90760083295264
  z: 8846.65648631042
  yaw: 200.84009
  pitch: 17.7
lastAccountName: Triple_Craft_2
timestamps:
  login: 1527978317256
  kits:
    starter: 1525565672776
    claim: 1527980662748
  logout: 1527978182275
  lastteleport: 1527983542694
  jail: 0
ipAddress: 110.140.189.239
logoutlocation:
  world: Survival
  x: 128.5
  y: 76.0
  z: 544.5
  yaw: 85.918076
  pitch: 12.750047
homes:
  and:
    world: Survival
    x: 40129.86263557432
    y: 67.0
    z: 8890.290642791262
    yaw: 79.64925
    pitch: 8.250019
jailed: false
