lastlocation:
  world: Staff
  x: 1834.2273785650389
  y: 55.0
  z: -745.6617606328206
  yaw: -96.14679
  pitch: -0.3000184
lastAccountName: Triple_Craft_2
timestamps:
  login: 1528016177714
  kits:
    starter: 1525565672776
    claim: 1527980662748
  logout: 1528016225672
  lastteleport: 1528015601500
  jail: 0
ipAddress: 110.140.189.239
logoutlocation:
  world: Creative
  x: -351.4675593185227
  y: 65.0
  z: 73.86320216225204
  yaw: 97.65001
  pitch: -21.749994
homes:
  and:
    world: Survival
    x: 40129.86263557432
    y: 67.0
    z: 8890.290642791262
    yaw: 79.64925
    pitch: 8.250019
  home:
    world: Survival
    x: 40209.95046808074
    y: 64.0
    z: 8844.057551680458
    yaw: -84.45082
    pitch: 12.300018
jailed: false
