lastlocation:
  world: Staff
  x: 1834.0952632055114
  y: 55.0
  z: -741.8912695686209
  yaw: -256.34668
  pitch: 8.550003
lastAccountName: Triple_Craft_2
timestamps:
  login: 1527972874603
  kits:
    starter: 1525565672776
    claim: 1525565668714
  logout: 1527576483750
  lastteleport: 1527974240559
ipAddress: 110.140.189.239
logoutlocation:
  world: Creative
  x: -397.64399329046245
  y: 105.78002816891245
  z: 108.21022068674995
  yaw: 274.80093
  pitch: 50.100124
