lastlocation:
  world: Survival
  x: 40236.39961842561
  y: 127.26405368594513
  z: 8857.425727221293
  yaw: 29.698456
  pitch: 60.599968
lastAccountName: Triple_Craft_2
timestamps:
  login: 1527978317256
  kits:
    starter: 1525565672776
    claim: 1525565668714
  logout: 1527978182275
  lastteleport: 1527979393239
ipAddress: 110.140.189.239
logoutlocation:
  world: Survival
  x: 128.5
  y: 76.0
  z: 544.5
  yaw: 85.918076
  pitch: 12.750047
homes:
  and:
    world: Survival
    x: 40129.86263557432
    y: 67.0
    z: 8890.290642791262
    yaw: 79.64925
    pitch: 8.250019
jailed: true
jail: triple_craft
