lastlocation:
  world: Survival
  x: 114.39694341811759
  y: 70.0
  z: 544.8963815869694
  yaw: 112.31806
  pitch: 30.000038
lastAccountName: Triple_Craft_2
timestamps:
  login: 1525565339792
ipAddress: 110.140.189.239
