lastlocation:
  world: Creative
  x: -375.39331943942955
  y: 142.85084968424002
  z: 118.32906055950734
  yaw: 63.0005
  pitch: 51.15005
lastAccountName: Triple_Craft_2
timestamps:
  login: 1527972874603
  kits:
    starter: 1525565672776
    claim: 1525565668714
  logout: 1527576483750
  lastteleport: 1527974183318
ipAddress: 110.140.189.239
logoutlocation:
  world: Creative
  x: -397.64399329046245
  y: 105.78002816891245
  z: 108.21022068674995
  yaw: 274.80093
  pitch: 50.100124
