lastlocation:
  world: Survival
  x: 20981.79148382815
  y: 85.40739540236494
  z: 37857.33369805351
  yaw: -251.20422
  pitch: 24.432037
lastAccountName: Triple_Craft_2
timestamps:
  login: 1525565339792
ipAddress: 110.140.189.239
