lastlocation:
  world: Survival
  x: 21179.54924435286
  y: 73.28260082566287
  z: 17808.16056944194
  yaw: -4.012029
  pitch: 8.178763
lastAccountName: Triple_Craft_2
timestamps:
  login: 1530696234760
  kits:
    starter: 1525565672776
    claim: 1527980662748
  logout: 1530698695459
  lastteleport: 1530695480634
  jail: 0
ipAddress: 110.140.189.239
logoutlocation:
  world: Creative
  x: -475.13716097370735
  y: 72.99368614721773
  z: 177.46497831744014
  yaw: 358.8015
  pitch: 16.649982
homes:
  and:
    world: Survival
    x: 40129.86263557432
    y: 67.0
    z: 8890.290642791262
    yaw: 79.64925
    pitch: 8.250019
  home:
    world: Survival
    x: 40209.95046808074
    y: 64.0
    z: 8844.057551680458
    yaw: -84.45082
    pitch: 12.300018
  greywold92:
    world: Survival
    x: 27926.53410211451
    y: 71.0
    z: 42204.53900516546
    yaw: 267.65018
    pitch: 21.000051
jailed: false
godmode: false
afk: false
