lastlocation:
  world: Survival
  x: 127.75618118867814
  y: 73.66332095672364
  z: 560.6173401523414
  yaw: -9.631927
  pitch: 16.950039
lastAccountName: Triple_Craft_2
timestamps:
  login: 1528020480870
  kits:
    starter: 1525565672776
    claim: 1527980662748
  logout: 1528021659660
  lastteleport: 1528020942937
  jail: 0
ipAddress: 110.140.189.239
logoutlocation:
  world: Survival
  x: 27926.53410211451
  y: 74.24339445581971
  z: 42204.53900516546
  yaw: 46.850067
  pitch: 23.85004
homes:
  and:
    world: Survival
    x: 40129.86263557432
    y: 67.0
    z: 8890.290642791262
    yaw: 79.64925
    pitch: 8.250019
  home:
    world: Survival
    x: 40209.95046808074
    y: 64.0
    z: 8844.057551680458
    yaw: -84.45082
    pitch: 12.300018
  greywold92:
    world: Survival
    x: 27926.53410211451
    y: 71.0
    z: 42204.53900516546
    yaw: 267.65018
    pitch: 21.000051
jailed: false
godmode: false
