lastlocation:
  world: Survival
  x: 20975.168988963913
  y: 63.0
  z: 37858.36379201485
  yaw: -71.81032
  pitch: 18.125263
lastAccountName: Triple_Craft_2
timestamps:
  login: 1527575754123
  kits:
    starter: 1525565672776
    claim: 1525565668714
  logout: 1527576483750
  lastteleport: 1527575080844
ipAddress: 110.140.189.239
logoutlocation:
  world: Creative
  x: -397.64399329046245
  y: 105.78002816891245
  z: 108.21022068674995
  yaw: 274.80093
  pitch: 50.100124
