lastlocation:
  world: Survival
  x: 20975.168988963913
  y: 63.0
  z: 37858.36379201485
  yaw: -71.81032
  pitch: 18.125263
lastAccountName: Triple_Craft_2
timestamps:
  login: 1527575058182
  kits:
    starter: 1525565672776
    claim: 1525565668714
  logout: 1527575499672
  lastteleport: 1527575080844
ipAddress: 110.140.189.239
logoutlocation:
  world: Creative
  x: -387.8350662853299
  y: 70.88150366762514
  z: 156.65636270658564
  yaw: 126.00049
  pitch: 21.450012
