lastlocation:
  world: Creative
  x: -89.14254772732431
  y: 75.40264899641322
  z: -65.88870024195342
  yaw: -275.39996
  pitch: 13.200037
lastAccountName: Triple_Craft_2
timestamps:
  login: 1528020480870
  kits:
    starter: 1525565672776
    claim: 1527980662748
  logout: 1528020756723
  lastteleport: 1528020837119
  jail: 0
ipAddress: 110.140.189.239
logoutlocation:
  world: Creative
  x: -68.64084639439058
  y: 67.0
  z: -66.21669957055364
  yaw: -29.249996
  pitch: 25.050009
homes:
  and:
    world: Survival
    x: 40129.86263557432
    y: 67.0
    z: 8890.290642791262
    yaw: 79.64925
    pitch: 8.250019
  home:
    world: Survival
    x: 40209.95046808074
    y: 64.0
    z: 8844.057551680458
    yaw: -84.45082
    pitch: 12.300018
jailed: false
godmode: false
