lastlocation:
  world: Survival
  x: 104.42344217645484
  y: 120.87391112041641
  z: 677.5283635233257
  yaw: 19.468061
  pitch: 41.55006
lastAccountName: Triple_Craft_2
timestamps:
  login: 1528493112873
  kits:
    starter: 1525565672776
    claim: 1527980662748
  logout: 1528356497726
  lastteleport: 1528494628498
  jail: 0
ipAddress: 110.140.189.239
logoutlocation:
  world: Survival
  x: 40100.492081459415
  y: 67.0
  z: 8915.569149631385
  yaw: -104.55151
  pitch: 40.050007
homes:
  and:
    world: Survival
    x: 40129.86263557432
    y: 67.0
    z: 8890.290642791262
    yaw: 79.64925
    pitch: 8.250019
  home:
    world: Survival
    x: 40209.95046808074
    y: 64.0
    z: 8844.057551680458
    yaw: -84.45082
    pitch: 12.300018
  greywold92:
    world: Survival
    x: 27926.53410211451
    y: 71.0
    z: 42204.53900516546
    yaw: 267.65018
    pitch: 21.000051
jailed: false
godmode: false
afk: false
