lastlocation:
  world: Survival
  x: -552.4395706671228
  y: 90.34386536836993
  z: 196.7947303317394
  yaw: -104.12915
  pitch: 36.15007
lastAccountName: Triple_Craft_2
timestamps:
  login: 1528578652389
  kits:
    starter: 1525565672776
    claim: 1527980662748
  logout: 1528579091827
  lastteleport: 1528579053565
  jail: 0
ipAddress: 110.140.189.239
logoutlocation:
  world: Survival
  x: 40240.17527862764
  y: 85.63938088337962
  z: 8629.680556421596
  yaw: -212.2508
  pitch: 40.80004
homes:
  and:
    world: Survival
    x: 40129.86263557432
    y: 67.0
    z: 8890.290642791262
    yaw: 79.64925
    pitch: 8.250019
  home:
    world: Survival
    x: 40209.95046808074
    y: 64.0
    z: 8844.057551680458
    yaw: -84.45082
    pitch: 12.300018
  greywold92:
    world: Survival
    x: 27926.53410211451
    y: 71.0
    z: 42204.53900516546
    yaw: 267.65018
    pitch: 21.000051
jailed: false
godmode: false
afk: false
