lastlocation:
  world: Survival
  x: 130.5669409371784
  y: 70.0
  z: 558.7090028382652
  yaw: -180.33192
  pitch: 50.100044
lastAccountName: Triple_Craft_2
timestamps:
  login: 1527978317256
  kits:
    starter: 1525565672776
    claim: 1525565668714
  logout: 1527978182275
  lastteleport: 1527978388052
ipAddress: 110.140.189.239
logoutlocation:
  world: Survival
  x: 128.5
  y: 76.0
  z: 544.5
  yaw: 85.918076
  pitch: 12.750047
