lastlocation:
  world: Survival
  x: 128.5
  y: 76.0
  z: 544.5
  yaw: 85.918076
  pitch: 12.750047
lastAccountName: Triple_Craft_2
timestamps:
  login: 1525565339792
  kits:
    starter: 1525565672776
    claim: 1525565668714
ipAddress: 110.140.189.239
