lastlocation:
  world: Survival
  x: 128.5
  y: 76.0
  z: 544.5
  yaw: 85.918076
  pitch: 12.750047
lastAccountName: Triple_Craft_2
timestamps:
  login: 1526699575780
  kits:
    starter: 1525565672776
    claim: 1525565668714
  logout: 1526699569231
ipAddress: 110.140.189.239
logoutlocation:
  world: Survival
  x: 20975.168988963913
  y: 63.0
  z: 37858.36379201485
  yaw: -85.61032
  pitch: 20.375263
