lastlocation:
  world: Survival
  x: 40141.03765395554
  y: 77.22120313478521
  z: 8894.064660152466
  yaw: -83.40076
  pitch: -12.599986
lastAccountName: Triple_Craft_2
timestamps:
  login: 1528578652389
  kits:
    starter: 1525565672776
    claim: 1527980662748
  logout: 1528578713292
  lastteleport: 1528578767058
  jail: 0
ipAddress: 110.140.189.239
logoutlocation:
  world: Survival
  x: 40185.048403021516
  y: 89.10734828600296
  z: 8872.528597805074
  yaw: 23.849247
  pitch: 25.20002
homes:
  and:
    world: Survival
    x: 40129.86263557432
    y: 67.0
    z: 8890.290642791262
    yaw: 79.64925
    pitch: 8.250019
  home:
    world: Survival
    x: 40209.95046808074
    y: 64.0
    z: 8844.057551680458
    yaw: -84.45082
    pitch: 12.300018
  greywold92:
    world: Survival
    x: 27926.53410211451
    y: 71.0
    z: 42204.53900516546
    yaw: 267.65018
    pitch: 21.000051
jailed: false
godmode: false
afk: false
