lastlocation:
  world: Survival
  x: 29239.36334370733
  y: 70.0
  z: 46895.64439486661
  yaw: 93.44917
  pitch: 1.7999886
lastAccountName: Triple_Craft_2
timestamps:
  login: 1527978317256
  kits:
    starter: 1525565672776
    claim: 1525565668714
  logout: 1527978182275
  lastteleport: 1527979393239
  jail: 0
ipAddress: 110.140.189.239
logoutlocation:
  world: Survival
  x: 128.5
  y: 76.0
  z: 544.5
  yaw: 85.918076
  pitch: 12.750047
homes:
  and:
    world: Survival
    x: 40129.86263557432
    y: 67.0
    z: 8890.290642791262
    yaw: 79.64925
    pitch: 8.250019
jailed: false
