lastlocation:
  world: Creative
  x: -315.2989893213671
  y: 91.68413927209814
  z: 209.23434195174968
  yaw: 99.74902
  pitch: 42.149937
lastAccountName: Triple_Craft_2
timestamps:
  login: 1527978048608
  kits:
    starter: 1525565672776
    claim: 1525565668714
  logout: 1527978053262
  lastteleport: 1527977974573
ipAddress: 110.140.189.239
logoutlocation:
  world: Survival
  x: 128.5
  y: 76.0
  z: 544.5
  yaw: 85.918076
  pitch: 12.750047
