lastlocation:
  world: Creative
  x: -315.2989893213671
  y: 91.68413927209814
  z: 209.23434195174968
  yaw: 99.74902
  pitch: 42.149937
lastAccountName: Triple_Craft_2
timestamps:
  login: 1527972874603
  kits:
    starter: 1525565672776
    claim: 1525565668714
  logout: 1527576483750
  lastteleport: 1527977974573
ipAddress: 110.140.189.239
logoutlocation:
  world: Creative
  x: -397.64399329046245
  y: 105.78002816891245
  z: 108.21022068674995
  yaw: 274.80093
  pitch: 50.100124
