lastlocation:
  world: Survival
  x: 20975.168988963913
  y: 63.0
  z: 37858.36379201485
  yaw: -71.81032
  pitch: 18.125263
lastAccountName: Triple_Craft_2
timestamps:
  login: 1527575754123
  kits:
    starter: 1525565672776
    claim: 1525565668714
  logout: 1527575719619
  lastteleport: 1527575080844
ipAddress: 110.140.189.239
logoutlocation:
  world: Creative
  x: -386.69999998807907
  y: 78.20233557780362
  z: 151.39484709241088
  yaw: 86.25058
  pitch: 14.100011
