lastlocation:
  world: Survival
  x: 128.5
  y: 76.0
  z: 544.5
  yaw: 85.918076
  pitch: 12.750047
lastAccountName: Triple_Craft_2
timestamps:
  login: 1526699528211
  kits:
    starter: 1525565672776
    claim: 1525565668714
  logout: 1525565706784
ipAddress: 110.140.189.239
logoutlocation:
  world: Survival
  x: 20970.19227865513
  y: 64.0
  z: 37859.10107923702
  yaw: -112.610466
  pitch: -62.57477
