lastlocation:
  world: Survival
  x: 43239.0531588385
  y: 87.75106083791661
  z: 13707.965651207176
  yaw: -334.0499
  pitch: 35.999992
lastAccountName: Triple_Craft_2
timestamps:
  login: 1527978317256
  kits:
    starter: 1525565672776
    claim: 1525565668714
  logout: 1527978182275
  lastteleport: 1527979271162
ipAddress: 110.140.189.239
logoutlocation:
  world: Survival
  x: 128.5
  y: 76.0
  z: 544.5
  yaw: 85.918076
  pitch: 12.750047
