lastlocation:
  world: Survival
  x: -11293.626448840007
  y: 64.5
  z: -2000.5006381326646
  yaw: -247.94957
  pitch: 29.549992
lastAccountName: Triple_Craft_2
timestamps:
  login: 1528099696476
  kits:
    starter: 1525565672776
    claim: 1527980662748
  logout: 1528100882814
  lastteleport: 1528100401377
  jail: 0
ipAddress: 110.140.189.239
logoutlocation:
  world: Survival
  x: -11295.586903179537
  y: 65.0
  z: -2000.3527311031994
  yaw: 91.20025
  pitch: 18.749985
homes:
  and:
    world: Survival
    x: 40129.86263557432
    y: 67.0
    z: 8890.290642791262
    yaw: 79.64925
    pitch: 8.250019
  home:
    world: Survival
    x: 40209.95046808074
    y: 64.0
    z: 8844.057551680458
    yaw: -84.45082
    pitch: 12.300018
  greywold92:
    world: Survival
    x: 27926.53410211451
    y: 71.0
    z: 42204.53900516546
    yaw: 267.65018
    pitch: 21.000051
jailed: false
godmode: false
afk: false
