lastAccountName: DrBatmanWho
timestamps:
  login: 1524326907901
  logout: 1524327327591
  lastteleport: 1524326760795
  kits:
    diamond: 1523100457289
    color: 1523102038950
    claim: 1523102799580
    iron: 1523100452015
    portal: 1522804168069
    tools: 1522794891364
  command-cooldowns:
  - pattern: .*( .*)?
    expiry: 1523567263619
  jail: 0
  mute: 0
ipAddress: 82.41.40.145
lastlocation:
  world: Creative
  x: -83.33859257592485
  y: 65.0
  z: -75.35188214397544
  yaw: 252.75006
  pitch: 7.799999
geolocation: United Kingdom
afk: false
logoutlocation:
  world: Survival
  x: 35517.13153372229
  y: 70.0
  z: 32939.834287634636
  yaw: 270.59412
  pitch: 5.2501903
money: '8822.0'
homes:
  home:
    world: Survival
    x: 47947.233077844445
    y: 72.0
    z: 11945.278724673017
    yaw: 180.60359
    pitch: -74.2499
  secondvillage:
    world: Staff
    x: 1636.5
    y: 4.0
    z: -656.5
    yaw: 188.70264
    pitch: -6.6000147
  village:
    world: Survival
    x: -155.5
    y: 67.0
    z: 1641.5
    yaw: 152.24243
    pitch: -1.4999799
jailed: false
muted: false
powertools:
  '4':
  - minecraft:kill @e[type=zombie,r=5]
