lastAccountName: DrBatmanWho
timestamps:
  login: 1524068573680
  logout: 1524068656619
  lastteleport: 1524068585999
  kits:
    diamond: 1523100457289
    color: 1523102038950
    claim: 1523102799580
    iron: 1523100452015
    portal: 1522804168069
    tools: 1522794891364
  command-cooldowns:
  - pattern: .*( .*)?
    expiry: 1523567263619
  jail: 0
  mute: 0
ipAddress: 82.41.40.145
lastlocation:
  world: Survival
  x: 35550.65003658289
  y: 64.0
  z: 32878.20574465862
  yaw: -9.449036
  pitch: 2.5500326
geolocation: United Kingdom
afk: false
logoutlocation:
  world: Survival
  x: 35557.04542640866
  y: 62.9375
  z: 32906.77085859511
  yaw: -4.4989038
  pitch: 4.500047
money: '8822.0'
homes:
  home:
    world: Survival
    x: 47947.233077844445
    y: 72.0
    z: 11945.278724673017
    yaw: 180.60359
    pitch: -74.2499
  secondvillage:
    world: Staff
    x: 1636.5
    y: 4.0
    z: -656.5
    yaw: 188.70264
    pitch: -6.6000147
  village:
    world: Survival
    x: -155.5
    y: 67.0
    z: 1641.5
    yaw: 152.24243
    pitch: -1.4999799
jailed: false
muted: false
