lastAccountName: DrBatmanWho
timestamps:
  login: 1524309225146
  logout: 1524309753253
  lastteleport: 1524309883522
  kits:
    diamond: 1523100457289
    color: 1523102038950
    claim: 1523102799580
    iron: 1523100452015
    portal: 1522804168069
    tools: 1522794891364
  command-cooldowns:
  - pattern: .*( .*)?
    expiry: 1523567263619
  jail: 0
  mute: 0
ipAddress: 82.41.40.145
lastlocation:
  world: Survival
  x: 131.31400209802752
  y: 76.0
  z: 542.2843678729072
  yaw: -346.94955
  pitch: 4.949947
geolocation: United Kingdom
afk: false
logoutlocation:
  world: Survival
  x: 1497.297698754638
  y: 71.0
  z: 49584.73637553527
  yaw: 75.83719
  pitch: 3.9142551
money: '8822.0'
homes:
  home:
    world: Survival
    x: 47947.233077844445
    y: 72.0
    z: 11945.278724673017
    yaw: 180.60359
    pitch: -74.2499
  secondvillage:
    world: Staff
    x: 1636.5
    y: 4.0
    z: -656.5
    yaw: 188.70264
    pitch: -6.6000147
  village:
    world: Survival
    x: -155.5
    y: 67.0
    z: 1641.5
    yaw: 152.24243
    pitch: -1.4999799
jailed: false
muted: false
powertools:
  '4':
  - minecraft:kill @e[type=zombie,r=5]
