lastAccountName: DrBatmanWho
timestamps:
  login: 1523914520708
  logout: 1523914757371
  lastteleport: 1523914537892
  kits:
    diamond: 1523100457289
    color: 1523102038950
    claim: 1523102799580
    iron: 1523100452015
    portal: 1522804168069
    tools: 1522794891364
  command-cooldowns:
  - pattern: .*( .*)?
    expiry: 1523567263619
  jail: 0
  mute: 0
ipAddress: 82.41.40.145
lastlocation:
  world: Survival
  x: 35563.39910224993
  y: 62.9375
  z: 32915.893821440935
  yaw: 260.7004
  pitch: -0.74990183
geolocation: United Kingdom
afk: false
logoutlocation:
  world: Survival
  x: 35558.123170893545
  y: 63.0
  z: 32905.77728814674
  yaw: 58.200714
  pitch: 7.8001
money: '8822.0'
homes:
  home:
    world: Survival
    x: 47947.233077844445
    y: 72.0
    z: 11945.278724673017
    yaw: 180.60359
    pitch: -74.2499
  secondvillage:
    world: Staff
    x: 1636.5
    y: 4.0
    z: -656.5
    yaw: 188.70264
    pitch: -6.6000147
  village:
    world: Survival
    x: -155.5
    y: 67.0
    z: 1641.5
    yaw: 152.24243
    pitch: -1.4999799
jailed: false
muted: false
