lastAccountName: DrBatmanWho
timestamps:
  login: 1523536054017
  logout: 1523535941072
  lastteleport: 1523535818179
  kits:
    diamond: 1523100457289
    color: 1523102038950
    claim: 1523102799580
    iron: 1523100452015
    portal: 1522804168069
    tools: 1522794891364
  command-cooldowns:
  - pattern: .*( .*)?
    expiry: 1523535819177
  jail: 0
  mute: 0
ipAddress: 82.41.40.145
lastlocation:
  world: Survival
  x: 153.14560986572707
  y: 70.0
  z: -181.7380463300244
  yaw: 62.92003
  pitch: 4.6499963
geolocation: United Kingdom
afk: false
logoutlocation:
  world: Survival
  x: 182.73358244040253
  y: 85.29694210874204
  z: 435.87518130634083
  yaw: -337.95
  pitch: 9.1500435
money: '8822.0'
homes:
  home:
    world: Survival
    x: 47947.233077844445
    y: 72.0
    z: 11945.278724673017
    yaw: 180.60359
    pitch: -74.2499
  secondvillage:
    world: Staff
    x: 1636.5
    y: 4.0
    z: -656.5
    yaw: 188.70264
    pitch: -6.6000147
  village:
    world: Survival
    x: -155.5
    y: 67.0
    z: 1641.5
    yaw: 152.24243
    pitch: -1.4999799
jailed: false
muted: false
