lastAccountName: fpscheat
timestamps:
  login: 1527140371780
  logout: 1527140373230
ipAddress: 199.15.199.75
lastlocation:
  world: Survival
  x: 128.0
  y: 76.0
  z: 544.0
  yaw: 0.0
  pitch: 0.0
logoutlocation:
  world: Survival
  x: 128.5
  y: 76.0
  z: 544.5
  yaw: 85.918076
  pitch: 12.750047
