lastAccountName: Hayd
timestamps:
  login: 1524703420570
  lastteleport: 1524712007872
  logout: 1524703222523
  command-cooldowns:
  - pattern: .*( .*)?
    expiry: 1524712008872
  kits:
    claim: 1524608897290
ipAddress: 81.96.127.214
lastlocation:
  world: Survival
  x: 33784.98378658551
  y: 12.0
  z: 19973.381167677235
  yaw: 335.37915
  pitch: 27.000008
geolocation: United Kingdom
logoutlocation:
  world: Survival
  x: 30679.189341904003
  y: 63.0
  z: 36009.56641864011
  yaw: -162.44818
  pitch: 12.899784
