lastAccountName: Hayd
timestamps:
  login: 1524699628222
  lastteleport: 1524693886079
  logout: 1524697320364
  command-cooldowns:
  - pattern: .*( .*)?
    expiry: 1524693869156
  kits:
    claim: 1524608897290
ipAddress: 81.96.127.214
lastlocation:
  world: Survival
  x: 30706.709007862715
  y: 24.0
  z: 36370.67174957716
  yaw: -187.8601
  pitch: 25.94999
geolocation: United Kingdom
logoutlocation:
  world: Survival
  x: 30675.573384928513
  y: 63.09375
  z: 36010.65669357539
  yaw: -195.74663
  pitch: 17.70011
