lastAccountName: Hayd
timestamps:
  login: 1524697088610
  lastteleport: 1524693886079
  logout: 1524697100364
  command-cooldowns:
  - pattern: .*( .*)?
    expiry: 1524693869156
  kits:
    claim: 1524608897290
ipAddress: 81.96.127.214
lastlocation:
  world: Survival
  x: 30706.709007862715
  y: 24.0
  z: 36370.67174957716
  yaw: -187.8601
  pitch: 25.94999
geolocation: United Kingdom
logoutlocation:
  world: Survival
  x: 30676.36205834014
  y: 64.5
  z: 36007.74897242167
  yaw: -275.5466
  pitch: 30.300095
