lastAccountName: Hayd
timestamps:
  login: 1524655036680
  lastteleport: 1524602334710
  logout: 1524621610005
  command-cooldowns:
  - pattern: .*( .*)?
    expiry: 1524614596822
  kits:
    claim: 1524608897290
ipAddress: 81.96.127.214
lastlocation:
  world: Survival
  x: 144.03456393297895
  y: 70.0
  z: 553.4070801772597
  yaw: -90.781906
  pitch: 11.100024
geolocation: United Kingdom
logoutlocation:
  world: Survival
  x: 30687.35694665563
  y: 60.0
  z: 35970.67088640973
  yaw: 177.81549
  pitch: 4.649949
