lastAccountName: Hayd
timestamps:
  login: 1524601312070
  lastteleport: 1524601386911
  logout: 1524601728790
ipAddress: 81.96.127.214
lastlocation:
  world: Survival
  x: 142.3549488973358
  y: 70.0
  z: 547.4865634185115
  yaw: 218.36862
  pitch: 9.45003
geolocation: United Kingdom
logoutlocation:
  world: Survival
  x: 141.52249074008654
  y: 70.0
  z: 540.8186184526876
  yaw: 13.918056
  pitch: 10.200014
