lastAccountName: Hayd
timestamps:
  login: 1524757135404
  lastteleport: 1524712693340
  logout: 1524749686777
  command-cooldowns:
  - pattern: .*( .*)?
    expiry: 1524712695339
  kits:
    claim: 1524608897290
ipAddress: 81.96.127.214
lastlocation:
  world: Survival
  x: 30381.24332426769
  y: 64.0
  z: 35904.67123814495
  yaw: -337.80005
  pitch: 17.400122
geolocation: United Kingdom
logoutlocation:
  world: Survival
  x: 30665.595559158497
  y: 66.0
  z: 35988.07626338379
  yaw: -129.72931
  pitch: 24.150007
