lastAccountName: Hayd
timestamps:
  login: 1524655577261
  lastteleport: 1524602334710
  logout: 1524655692470
  command-cooldowns:
  - pattern: .*( .*)?
    expiry: 1524614596822
  kits:
    claim: 1524608897290
ipAddress: 81.96.127.214
lastlocation:
  world: Survival
  x: 144.03456393297895
  y: 70.0
  z: 553.4070801772597
  yaw: -90.781906
  pitch: 11.100024
geolocation: United Kingdom
logoutlocation:
  world: Survival
  x: 30720.136372545978
  y: 64.0
  z: 35964.602174570166
  yaw: 113.9156
  pitch: 16.199936
