lastAccountName: Hayd
timestamps:
  login: 1524604464084
  lastteleport: 1524602334710
  logout: 1524604204377
  command-cooldowns:
  - pattern: .*( .*)?
    expiry: 1524602448113
ipAddress: 81.96.127.214
lastlocation:
  world: Survival
  x: 144.03456393297895
  y: 70.0
  z: 553.4070801772597
  yaw: -90.781906
  pitch: 11.100024
geolocation: United Kingdom
logoutlocation:
  world: Survival
  x: 31122.770810682767
  y: 65.25220334025373
  z: 31920.693666486695
  yaw: 56.389828
  pitch: 26.850084
