lastAccountName: Hayd
timestamps:
  login: 1524742538835
  lastteleport: 1524712693340
  logout: 1524712755840
  command-cooldowns:
  - pattern: .*( .*)?
    expiry: 1524712695339
  kits:
    claim: 1524608897290
ipAddress: 81.96.127.214
lastlocation:
  world: Survival
  x: 30381.24332426769
  y: 64.0
  z: 35904.67123814495
  yaw: -337.80005
  pitch: 17.400122
geolocation: United Kingdom
logoutlocation:
  world: Survival
  x: 30668.552747429818
  y: 68.5
  z: 35991.704812827906
  yaw: 323.2501
  pitch: 15.300019
