lastAccountName: Hayd
timestamps:
  login: 1524696840216
  lastteleport: 1524693886079
  logout: 1524697008850
  command-cooldowns:
  - pattern: .*( .*)?
    expiry: 1524693869156
  kits:
    claim: 1524608897290
ipAddress: 81.96.127.214
lastlocation:
  world: Survival
  x: 30706.709007862715
  y: 24.0
  z: 36370.67174957716
  yaw: -187.8601
  pitch: 25.94999
geolocation: United Kingdom
logoutlocation:
  world: Survival
  x: 30678.834380508946
  y: 64.0
  z: 36007.01512390964
  yaw: -194.2468
  pitch: 15.600097
