lastAccountName: Hayd
timestamps:
  login: 1524703420570
  lastteleport: 1524712693340
  logout: 1524703222523
  command-cooldowns:
  - pattern: .*( .*)?
    expiry: 1524712695339
  kits:
    claim: 1524608897290
ipAddress: 81.96.127.214
lastlocation:
  world: Survival
  x: 30381.24332426769
  y: 64.0
  z: 35904.67123814495
  yaw: -337.80005
  pitch: 17.400122
geolocation: United Kingdom
logoutlocation:
  world: Survival
  x: 30679.189341904003
  y: 63.0
  z: 36009.56641864011
  yaw: -162.44818
  pitch: 12.899784
