lastAccountName: Hayd
timestamps:
  login: 1524661370843
  lastteleport: 1524602334710
  logout: 1524659458574
  command-cooldowns:
  - pattern: .*( .*)?
    expiry: 1524692069959
  kits:
    claim: 1524608897290
ipAddress: 81.96.127.214
lastlocation:
  world: Survival
  x: 144.03456393297895
  y: 70.0
  z: 553.4070801772597
  yaw: -90.781906
  pitch: 11.100024
geolocation: United Kingdom
logoutlocation:
  world: Survival
  x: 30684.5
  y: 64.02159847259522
  z: 35974.5
  yaw: 215.02454
  pitch: 33.449986
