lastAccountName: Hayd
timestamps:
  login: 1524703420570
  lastteleport: 1524693886079
  logout: 1524703222523
  command-cooldowns:
  - pattern: .*( .*)?
    expiry: 1524707114621
  kits:
    claim: 1524608897290
ipAddress: 81.96.127.214
lastlocation:
  world: Survival
  x: 30706.709007862715
  y: 24.0
  z: 36370.67174957716
  yaw: -187.8601
  pitch: 25.94999
geolocation: United Kingdom
logoutlocation:
  world: Survival
  x: 30679.189341904003
  y: 63.0
  z: 36009.56641864011
  yaw: -162.44818
  pitch: 12.899784
