lastAccountName: Hayd
timestamps:
  login: 1524696661915
  lastteleport: 1524693886079
  logout: 1524696674402
  command-cooldowns:
  - pattern: .*( .*)?
    expiry: 1524693869156
  kits:
    claim: 1524608897290
ipAddress: 81.96.127.214
lastlocation:
  world: Survival
  x: 30706.709007862715
  y: 24.0
  z: 36370.67174957716
  yaw: -187.8601
  pitch: 25.94999
geolocation: United Kingdom
logoutlocation:
  world: Survival
  x: 30674.864205064445
  y: 63.09375
  z: 36010.60517048797
  yaw: 70.95309
  pitch: 44.850132
