lastAccountName: Hayd
timestamps:
  login: 1524764997113
  lastteleport: 1524712693340
  logout: 1524757702449
  command-cooldowns:
  - pattern: .*( .*)?
    expiry: 1524712695339
  kits:
    claim: 1524608897290
ipAddress: 81.96.127.214
lastlocation:
  world: Survival
  x: 30381.24332426769
  y: 64.0
  z: 35904.67123814495
  yaw: -337.80005
  pitch: 17.400122
geolocation: United Kingdom
logoutlocation:
  world: Survival
  x: 30678.22462612955
  y: 62.5
  z: 36010.511317781195
  yaw: -110.37854
  pitch: 22.349968
