lastAccountName: Hayd
timestamps:
  login: 1524699628222
  lastteleport: 1524693886079
  logout: 1524700137042
  command-cooldowns:
  - pattern: .*( .*)?
    expiry: 1524693869156
  kits:
    claim: 1524608897290
ipAddress: 81.96.127.214
lastlocation:
  world: Survival
  x: 30706.709007862715
  y: 24.0
  z: 36370.67174957716
  yaw: -187.8601
  pitch: 25.94999
geolocation: United Kingdom
logoutlocation:
  world: Survival
  x: 30674.764437373153
  y: 63.09375
  z: 36010.11826486404
  yaw: -272.39697
  pitch: 22.650003
