lastAccountName: Hayd
timestamps:
  login: 1524703420570
  lastteleport: 1524707255271
  logout: 1524703222523
  command-cooldowns:
  - pattern: .*( .*)?
    expiry: 1524707300796
  kits:
    claim: 1524608897290
ipAddress: 81.96.127.214
lastlocation:
  world: Survival
  x: 30662.30000001192
  y: 70.0
  z: 36000.54819083354
  yaw: -86.39871
  pitch: 19.799984
geolocation: United Kingdom
logoutlocation:
  world: Survival
  x: 30679.189341904003
  y: 63.0
  z: 36009.56641864011
  yaw: -162.44818
  pitch: 12.899784
