lastAccountName: Hayd
timestamps:
  login: 1524602300508
  lastteleport: 1524602334710
  logout: 1524601728790
  command-cooldowns:
  - pattern: .*( .*)?
    expiry: 1524602448113
ipAddress: 81.96.127.214
lastlocation:
  world: Survival
  x: 144.03456393297895
  y: 70.0
  z: 553.4070801772597
  yaw: -90.781906
  pitch: 11.100024
geolocation: United Kingdom
logoutlocation:
  world: Survival
  x: 141.52249074008654
  y: 70.0
  z: 540.8186184526876
  yaw: 13.918056
  pitch: 10.200014
