lastAccountName: Hayd
timestamps:
  login: 1524601312070
  lastteleport: 1524601386911
ipAddress: 81.96.127.214
lastlocation:
  world: Survival
  x: 142.3549488973358
  y: 70.0
  z: 547.4865634185115
  yaw: 218.36862
  pitch: 9.45003
geolocation: United Kingdom
