lastAccountName: Hayd
timestamps:
  login: 1524661370843
  lastteleport: 1524693886079
  logout: 1524659458574
  command-cooldowns:
  - pattern: .*( .*)?
    expiry: 1524693869156
  kits:
    claim: 1524608897290
ipAddress: 81.96.127.214
lastlocation:
  world: Survival
  x: 30706.709007862715
  y: 24.0
  z: 36370.67174957716
  yaw: -187.8601
  pitch: 25.94999
geolocation: United Kingdom
logoutlocation:
  world: Survival
  x: 30684.5
  y: 64.02159847259522
  z: 35974.5
  yaw: 215.02454
  pitch: 33.449986
