lastAccountName: Hayd
timestamps:
  login: 1524604464084
  lastteleport: 1524602334710
  logout: 1524613647147
  command-cooldowns:
  - pattern: .*( .*)?
    expiry: 1524608902284
  kits:
    claim: 1524608897290
ipAddress: 81.96.127.214
lastlocation:
  world: Survival
  x: 144.03456393297895
  y: 70.0
  z: 553.4070801772597
  yaw: -90.781906
  pitch: 11.100024
geolocation: United Kingdom
logoutlocation:
  world: Survival
  x: 30811.001145511404
  y: 14.0
  z: 35889.418314603885
  yaw: 133.26028
  pitch: 14.400324
