lastAccountName: MineTL
timestamps:
  login: 1522931777360
  lastteleport: 1522931855553
  command-cooldowns:
  - pattern: .*( .*)?
    expiry: 1522931903524
  logout: 1522931955125
ipAddress: 77.194.62.61
lastlocation:
  world: Staff
  x: 1837.2981072073171
  y: 55.0
  z: -743.9572372741592
  yaw: -121.69854
  pitch: 8.761019
geolocation: France
logoutlocation:
  world: Survival
  x: 13343.70367665219
  y: 69.0
  z: 1738.1886930785345
  yaw: 198.95903
  pitch: 19.34867
