lastAccountName: Maxwell_Plays
timestamps:
  login: 1523493544461
  logout: 1523493798334
  lastteleport: 1523485820494
  command-cooldowns:
  - pattern: .*( .*)?
    expiry: 1523493567778
ipAddress: 98.179.168.6
lastlocation:
  world: Creative
  x: -65.44042134458917
  y: 65.0
  z: -69.50863068373391
  yaw: -269.39954
  pitch: 39.299965
geolocation: United States
logoutlocation:
  world: Creative
  x: -38.02188704623441
  y: 120.40760262521931
  z: -63.201670242028186
  yaw: -246.45123
  pitch: 53.54998
afk: false
