lastAccountName: Frasa
timestamps:
  login: 1530730556565
  lastteleport: 1530730674191
  kits:
    claim: 1530730806610
  logout: 1530730890999
ipAddress: 217.44.3.230
lastlocation:
  world: Survival
  x: -19.0177635670805
  y: 76.0
  z: 532.7355374314377
  yaw: 160.01811
  pitch: 20.700047
logoutlocation:
  world: Survival
  x: -126.21356224443156
  y: 94.04780316399226
  z: 570.3566754785188
  yaw: 23.217463
  pitch: 21.60004
