lastAccountName: otbr_gaming
timestamps:
  login: 1525970429323
  logout: 1525970633306
ipAddress: 82.6.70.216
lastlocation:
  world: Survival
  x: 128.0
  y: 76.0
  z: 544.0
  yaw: 0.0
  pitch: 0.0
logoutlocation:
  world: Survival
  x: 17338.021965543805
  y: 70.23152379758702
  z: 36439.4003955327
  yaw: 142.95004
  pitch: 73.950005
