lastAccountName: getmemoney
timestamps:
  login: 1529511395117
  logout: 1529511401245
  command-cooldowns:
  - pattern: .*( .*)?
    expiry: 1524339793645
  lastteleport: 1525036179180
  kits:
    starter: 1525036039013
    claim: 1523101863395
ipAddress: 108.239.173.128
geolocation: United States
lastlocation:
  world: Survival
  x: 39744.06636185724
  y: 68.0
  z: -49.449475325521874
  yaw: 85.7269
  pitch: 51.49102
logoutlocation:
  world: Survival
  x: 39733.976652183635
  y: 68.0
  z: -49.78547740323175
  yaw: 278.3743
  pitch: 18.928137
homes:
  home:
    world: Survival
    x: 39744.29729663723
    y: 68.0
    z: -49.13899298317015
    yaw: 79.84024
    pitch: 16.245552
afk: false
