lastAccountName: getmemoney
timestamps:
  login: 1525036686463
  logout: 1525036662563
  command-cooldowns:
  - pattern: .*( .*)?
    expiry: 1524339793645
  lastteleport: 1525036179180
  kits:
    starter: 1525036039013
    claim: 1523101863395
ipAddress: 108.239.173.128
geolocation: United States
lastlocation:
  world: Survival
  x: 39744.06636185724
  y: 68.0
  z: -49.449475325521874
  yaw: 85.7269
  pitch: 51.49102
logoutlocation:
  world: Survival
  x: 39745.5
  y: 68.0999984741211
  z: -48.5
  yaw: -32.761135
  pitch: 72.377266
homes:
  home:
    world: Survival
    x: 39744.29729663723
    y: 68.0
    z: -49.13899298317015
    yaw: 79.84024
    pitch: 16.245552
afk: false
