lastAccountName: getmemoney
timestamps:
  login: 1525036004226
  logout: 1525020213578
  command-cooldowns:
  - pattern: .*( .*)?
    expiry: 1524339793645
  lastteleport: 1525036179180
  kits:
    starter: 1525036039013
    claim: 1523101863395
ipAddress: 108.239.173.128
geolocation: United States
lastlocation:
  world: Survival
  x: 133.5993207037947
  y: 77.5
  z: 542.8219387518093
  yaw: 270.19824
  pitch: 46.086727
logoutlocation:
  world: Survival
  x: 39735.318248579955
  y: 68.0
  z: -46.312441564709474
  yaw: -135.8361
  pitch: 24.404263
homes:
  home:
    world: Survival
    x: 39744.29729663723
    y: 68.0
    z: -49.13899298317015
    yaw: 79.84024
    pitch: 16.245552
afk: false
