lastAccountName: getmemoney
timestamps:
  login: 1525036004226
  logout: 1525036662563
  command-cooldowns:
  - pattern: .*( .*)?
    expiry: 1524339793645
  lastteleport: 1525036179180
  kits:
    starter: 1525036039013
    claim: 1523101863395
ipAddress: 108.239.173.128
geolocation: United States
lastlocation:
  world: Survival
  x: 39825.58823850633
  y: 74.0
  z: -0.48836951700899667
  yaw: 283.5581
  pitch: -20.957922
logoutlocation:
  world: Survival
  x: 39745.5
  y: 68.0999984741211
  z: -48.5
  yaw: -32.761135
  pitch: 72.377266
homes:
  home:
    world: Survival
    x: 39744.29729663723
    y: 68.0
    z: -49.13899298317015
    yaw: 79.84024
    pitch: 16.245552
afk: false
