lastAccountName: getmemoney
timestamps:
  login: 1525020140567
  logout: 1525020213578
  command-cooldowns:
  - pattern: .*( .*)?
    expiry: 1524339793645
  lastteleport: 1524339791647
  kits:
    starter: 1524339536892
    claim: 1523101863395
ipAddress: 108.239.173.128
geolocation: United States
lastlocation:
  world: Survival
  x: 64.44360777950362
  y: 22.0
  z: 807.1167173889424
  yaw: -264.23486
  pitch: 26.505938
logoutlocation:
  world: Survival
  x: 39735.318248579955
  y: 68.0
  z: -46.312441564709474
  yaw: -135.8361
  pitch: 24.404263
homes:
  home:
    world: Survival
    x: 39744.29729663723
    y: 68.0
    z: -49.13899298317015
    yaw: 79.84024
    pitch: 16.245552
afk: false
