lastAccountName: getmemoney
timestamps:
  login: 1524339267244
  logout: 1524339809783
  command-cooldowns:
  - pattern: .*( .*)?
    expiry: 1524339793645
  lastteleport: 1524339791647
  kits:
    starter: 1524339536892
    claim: 1523101863395
ipAddress: 108.239.173.128
geolocation: United States
lastlocation:
  world: Survival
  x: 64.44360777950362
  y: 22.0
  z: 807.1167173889424
  yaw: -264.23486
  pitch: 26.505938
logoutlocation:
  world: Survival
  x: 39742.429521307546
  y: 68.0
  z: -48.69211194573932
  yaw: -268.37213
  pitch: 12.655748
homes:
  home:
    world: Survival
    x: 39744.29729663723
    y: 68.0
    z: -49.13899298317015
    yaw: 79.84024
    pitch: 16.245552
afk: false
