lastAccountName: getmemoney
timestamps:
  login: 1523210823134
  logout: 1523211366259
  command-cooldowns:
  - pattern: .*( .*)?
    expiry: 1523210873257
  lastteleport: 1523210831135
  kits:
    starter: 1523191724955
    claim: 1523101863395
ipAddress: 108.239.173.128
geolocation: United States
lastlocation:
  world: Survival
  x: 39744.29081757084
  y: 68.0
  z: -49.47924044977498
  yaw: -103.854004
  pitch: 15.083757
logoutlocation:
  world: Survival
  x: 128.44513398911968
  y: 76.0
  z: 544.4523837268854
  yaw: -76.62085
  pitch: 35.98743
homes:
  home:
    world: Survival
    x: 39744.29729663723
    y: 68.0
    z: -49.13899298317015
    yaw: 79.84024
    pitch: 16.245552
afk: false
