lastAccountName: FbWasTooShort
timestamps:
  login: 1529808502193
  lastteleport: 1529810426577
  logout: 1529810497059
ipAddress: 87.109.140.146
lastlocation:
  world: Survival
  x: 14941.803245992283
  y: 17.252203340253722
  z: 37676.15362210669
  yaw: -145.42366
  pitch: 5.700005
logoutlocation:
  world: Survival
  x: 14941.803245992283
  y: 17.252203340253722
  z: 37676.15362210669
  yaw: -145.42366
  pitch: 5.700005
