geolocation: United States
lastAccountName: PotatenOverlord
timestamps:
  login: 1523251525251
  command-cooldowns:
  - pattern: .*( .*)?
    expiry: 1523251637089
  lastteleport: 1523251636091
  logout: 1523251652696
ipAddress: 107.13.153.114
lastlocation:
  world: Survival
  x: 129.8552442087178
  y: 76.0
  z: 545.3251870519513
  yaw: -55.187557
  pitch: 8.251787
logoutlocation:
  world: Creative
  x: 117.1528846325095
  y: 65.0
  z: 89.6351270054579
  yaw: -182.30649
  pitch: 14.776109
