lastAccountName: spike10001
timestamps:
  login: 1531686129024
  lastteleport: 1531686214772
  logout: 1531686509428
  kits:
    starter: 1529786251701
    claim: 1529362704621
ipAddress: 174.88.194.58
lastlocation:
  world: Survival
  x: 242.37400426582278
  y: 80.5
  z: 345.8839302826181
  yaw: -153.64618
  pitch: 3.638811
logoutlocation:
  world: Survival
  x: 239.95498931565547
  y: 75.5
  z: 348.69999998807907
  yaw: 256.22272
  pitch: 19.020037
homes:
  home:
    world: Survival
    x: 249.58960501359152
    y: 115.0
    z: 357.8942477981256
    yaw: 93.834045
    pitch: 4.3805985
  house:
    world: Survival
    x: 139.40796662270193
    y: 74.0
    z: 303.6173258328432
    yaw: 7.88468
    pitch: 19.06041
  jungle:
    world: Survival
    x: 31218.542314290313
    y: 63.0
    z: 10697.599690010687
    yaw: -160.48782
    pitch: 6.0658374
