lastAccountName: AguilaDaddy
timestamps:
  login: 1526767266150
  logout: 1526767391901
ipAddress: 189.180.13.196
lastlocation:
  world: Survival
  x: 128.0
  y: 76.0
  z: 544.0
  yaw: 0.0
  pitch: 0.0
logoutlocation:
  world: Survival
  x: -122.95679908882968
  y: 63.53418365732753
  z: 591.1372347315267
  yaw: 341.508
  pitch: 59.444458
