lastAccountName: Ned_mo
timestamps:
  login: 1530971977267
  logout: 1530973174269
ipAddress: 213.216.249.38
lastlocation:
  world: Creative
  x: -134.8603419540901
  y: 87.19397441209783
  z: -209.3454210241163
  yaw: 301.14438
  pitch: 23.37315
logoutlocation:
  world: Creative
  x: -202.6890809739833
  y: 72.65482114530386
  z: -330.9125680530896
  yaw: -105.0751
  pitch: 29.495762
