lastAccountName: HoiDoi
timestamps:
  login: 1528576225474
  lastteleport: 1528576827168
  kits:
    starter: 1528574818893
    claim: 1528574832042
  logout: 1528581663584
ipAddress: 98.176.184.214
lastlocation:
  world: Survival
  x: 21194.66713139733
  y: 68.0
  z: 17811.16699678553
  yaw: 48.82367
  pitch: 15.851122
homes:
  home:
    world: Survival
    x: 21184.974663386012
    y: 69.0
    z: 17820.716424296144
    yaw: 118.73169
    pitch: 20.550013
logoutlocation:
  world: Survival
  x: 21184.217535889573
  y: 79.5
  z: 17818.4152945113
  yaw: -19.568304
  pitch: 11.0999975
