lastAccountName: HoiDoi
timestamps:
  login: 1528761923711
  lastteleport: 1528762385994
  kits:
    starter: 1528678313001
    claim: 1528683655999
  logout: 1528691515975
ipAddress: 98.176.184.214
lastlocation:
  world: Survival
  x: 21225.170621016216
  y: 71.0
  z: 18009.69999998808
  yaw: 309.36047
  pitch: -1.7999938
homes:
  home:
    world: Survival
    x: 21183.597425309847
    y: 86.0
    z: 17823.622597100923
    yaw: 3.680481
    pitch: -2.0999885
logoutlocation:
  world: Survival
  x: 21178.921859769318
  y: 100.0
  z: 17840.142755512912
  yaw: 1.1315918
  pitch: -16.649916
