lastAccountName: HoiDoi
timestamps:
  login: 1528681557858
  lastteleport: 1528684531458
  kits:
    starter: 1528678313001
    claim: 1528683655999
  logout: 1528678517363
ipAddress: 98.176.184.214
lastlocation:
  world: Survival
  x: 21197.46306073388
  y: 69.0
  z: 17874.793422065144
  yaw: 191.18039
  pitch: 16.500015
homes:
  home:
    world: Survival
    x: 21183.597425309847
    y: 86.0
    z: 17823.622597100923
    yaw: 3.680481
    pitch: -2.0999885
logoutlocation:
  world: Survival
  x: 7627.234060741621
  y: 70.0
  z: 16671.494207296953
  yaw: -34.50009
  pitch: 9.75
