lastAccountName: HoiDoi
timestamps:
  login: 1532879385400
  logout: 1532879976957
  lastteleport: 1532879965323
  kits:
    diamond: 1529540351436
    iron: 1529874169604
    claim: 1529959406731
  jail: 0
ipAddress: 98.176.184.214
logoutlocation:
  world: Survival
  x: 21211.447207862053
  y: 83.40760119470784
  z: 17415.571646959022
  yaw: 191.45139
  pitch: 14.849062
lastlocation:
  world: Survival
  x: 12831.034372111142
  y: 106.47673309406474
  z: 44352.649188494644
  yaw: 183.44989
  pitch: 11.850018
homes:
  home:
    world: Survival
    x: 21209.506944973517
    y: 64.0
    z: 17384.839189422542
    yaw: 180.20134
    pitch: -1.0509381
godmode: false
jailed: false
