lastAccountName: HoiDoi
timestamps:
  login: 1528688093763
  lastteleport: 1528688840627
  kits:
    starter: 1528678313001
    claim: 1528683655999
  logout: 1528688074970
ipAddress: 98.176.184.214
lastlocation:
  world: Survival
  x: 20940.376275604234
  y: 70.0
  z: 17799.272858149197
  yaw: 330.47046
  pitch: 17.54991
homes:
  home:
    world: Survival
    x: 21183.597425309847
    y: 86.0
    z: 17823.622597100923
    yaw: 3.680481
    pitch: -2.0999885
logoutlocation:
  world: Survival
  x: 21181.67905899061
  y: 85.0
  z: 17836.145359054288
  yaw: -106.269104
  pitch: 37.649963
