lastAccountName: HoiDoi
timestamps:
  login: 1528690316034
  lastteleport: 1528690889409
  kits:
    starter: 1528678313001
    claim: 1528683655999
  logout: 1528689536121
ipAddress: 98.176.184.214
lastlocation:
  world: Survival
  x: 39967.13128782663
  y: 69.0
  z: 22807.80901364488
  yaw: -246.74986
  pitch: 38.850002
homes:
  home:
    world: Survival
    x: 21183.597425309847
    y: 86.0
    z: 17823.622597100923
    yaw: 3.680481
    pitch: -2.0999885
logoutlocation:
  world: Survival
  x: 21181.96103260225
  y: 90.5
  z: 17836.283106349318
  yaw: -218.01947
  pitch: -14.40002
