lastAccountName: HoiDoi
timestamps:
  login: 1528569636269
  lastteleport: 1528569996990
ipAddress: 98.176.184.214
lastlocation:
  world: Survival
  x: 41987.694642547904
  y: 80.0
  z: 32090.75677716158
  yaw: 150.74948
  pitch: 18.150005
homes:
  home:
    world: Survival
    x: 21200.14132068212
    y: 15.0
    z: 17825.926304427427
    yaw: 180.07666
    pitch: 3.1499956
