lastAccountName: HoiDoi
timestamps:
  login: 1533228957828
  logout: 1532879976957
  lastteleport: 1533228996302
  kits:
    diamond: 1529540351436
    iron: 1529874169604
    claim: 1529959406731
  jail: 0
ipAddress: 98.176.184.214
logoutlocation:
  world: Survival
  x: 21211.447207862053
  y: 83.40760119470784
  z: 17415.571646959022
  yaw: 191.45139
  pitch: 14.849062
lastlocation:
  world: Survival
  x: 4947.884220968889
  y: 124.73866406153313
  z: 7985.678878033974
  yaw: -227.69981
  pitch: 51.00007
homes:
  home:
    world: Survival
    x: 21209.506944973517
    y: 64.0
    z: 17384.839189422542
    yaw: 180.20134
    pitch: -1.0509381
godmode: false
jailed: false
