lastAccountName: HoiDoi
timestamps:
  login: 1528667704998
  lastteleport: 1528666704554
  kits:
    starter: 1528662042074
    claim: 1528574832042
  logout: 1528667490754
ipAddress: 98.176.184.214
lastlocation:
  world: Survival
  x: 21182.316108046132
  y: 86.0
  z: 17825.671212608817
  yaw: 3.2304688
  pitch: 29.249983
homes:
  home:
    world: Survival
    x: 21183.597425309847
    y: 86.0
    z: 17823.622597100923
    yaw: 3.680481
    pitch: -2.0999885
logoutlocation:
  world: Survival
  x: 19194.379436988092
  y: 63.0
  z: 43421.91070460201
  yaw: -186.68591
  pitch: 6.25747
