lastAccountName: HoiDoi
timestamps:
  login: 1528672342412
  lastteleport: 1528672772035
  kits:
    starter: 1528662042074
    claim: 1528574832042
  logout: 1528667915849
ipAddress: 98.176.184.214
lastlocation:
  world: Survival
  x: 21152.742959248433
  y: 69.0
  z: 17816.960119017644
  yaw: -78.841
  pitch: 6.406054
homes:
  home:
    world: Survival
    x: 21183.597425309847
    y: 86.0
    z: 17823.622597100923
    yaw: 3.680481
    pitch: -2.0999885
logoutlocation:
  world: Survival
  x: 21181.50401114068
  y: 85.0
  z: 17837.23663716183
  yaw: 40.40921
  pitch: 49.906063
