lastAccountName: HoiDoi
timestamps:
  login: 1528672342412
  lastteleport: 1528677398593
  kits:
    starter: 1528678313001
    claim: 1528676811647
  logout: 1528667915849
ipAddress: 98.176.184.214
lastlocation:
  world: Survival
  x: 21164.33329655803
  y: 9.0
  z: 17800.69661022057
  yaw: -94.38785
  pitch: 47.250076
homes:
  home:
    world: Survival
    x: 21183.597425309847
    y: 86.0
    z: 17823.622597100923
    yaw: 3.680481
    pitch: -2.0999885
logoutlocation:
  world: Survival
  x: 21181.50401114068
  y: 85.0
  z: 17837.23663716183
  yaw: 40.40921
  pitch: 49.906063
