lastAccountName: HoiDoi
timestamps:
  login: 1528761923711
  lastteleport: 1528762635931
  kits:
    starter: 1528678313001
    claim: 1528683655999
  logout: 1528691515975
ipAddress: 98.176.184.214
lastlocation:
  world: Survival
  x: 21213.924085161027
  y: 69.0
  z: 17913.49389538505
  yaw: 189.08008
  pitch: 14.700038
homes:
  home:
    world: Survival
    x: 21183.597425309847
    y: 86.0
    z: 17823.622597100923
    yaw: 3.680481
    pitch: -2.0999885
logoutlocation:
  world: Survival
  x: 21178.921859769318
  y: 100.0
  z: 17840.142755512912
  yaw: 1.1315918
  pitch: -16.649916
