lastAccountName: HoiDoi
timestamps:
  login: 1528569636269
  lastteleport: 1528569996990
ipAddress: 98.176.184.214
lastlocation:
  world: Survival
  x: 41987.694642547904
  y: 80.0
  z: 32090.75677716158
  yaw: 150.74948
  pitch: 18.150005
homes:
  home:
    world: Survival
    x: 21196.30000001192
    y: 29.0
    z: 17813.94231419637
    yaw: 268.4248
    pitch: 14.700023
