lastAccountName: HoiDoi
timestamps:
  login: 1532879385400
  logout: 1532831722201
  lastteleport: 1530300393151
  kits:
    diamond: 1529540351436
    iron: 1529874169604
    claim: 1529959406731
  jail: 0
ipAddress: 98.176.184.214
logoutlocation:
  world: Survival
  x: 12875.325930731451
  y: 100.59509176996725
  z: 44449.31002185001
  yaw: 202.80006
  pitch: 26.700006
lastlocation:
  world: Survival
  x: 23033.328833128828
  y: 76.26970125469317
  z: 17700.840447532544
  yaw: -244.05058
  pitch: 16.500017
homes:
  home:
    world: Survival
    x: 21209.506944973517
    y: 64.0
    z: 17384.839189422542
    yaw: 180.20134
    pitch: -1.0509381
godmode: false
jailed: false
