lastAccountName: HoiDoi
timestamps:
  login: 1528672342412
  lastteleport: 1528674718254
  kits:
    starter: 1528662042074
    claim: 1528574832042
  logout: 1528667915849
ipAddress: 98.176.184.214
lastlocation:
  world: Survival
  x: 21143.89378345021
  y: 67.9375
  z: 17793.58014295723
  yaw: -83.61908
  pitch: 45.149998
homes:
  home:
    world: Survival
    x: 21183.597425309847
    y: 86.0
    z: 17823.622597100923
    yaw: 3.680481
    pitch: -2.0999885
logoutlocation:
  world: Survival
  x: 21181.50401114068
  y: 85.0
  z: 17837.23663716183
  yaw: 40.40921
  pitch: 49.906063
