lastAccountName: HoiDoi
timestamps:
  login: 1528686281010
  lastteleport: 1528687042939
  kits:
    starter: 1528678313001
    claim: 1528683655999
  logout: 1528686215793
ipAddress: 98.176.184.214
lastlocation:
  world: Survival
  x: 21180.109797617308
  y: 65.0
  z: 17822.435529748487
  yaw: 231.8305
  pitch: 20.399994
homes:
  home:
    world: Survival
    x: 21183.597425309847
    y: 86.0
    z: 17823.622597100923
    yaw: 3.680481
    pitch: -2.0999885
logoutlocation:
  world: Survival
  x: 21160.240336410025
  y: 69.0
  z: 17815.812841733386
  yaw: 287.93085
  pitch: -20.699995
