lastAccountName: HoiDoi
timestamps:
  login: 1530299744885
  logout: 1530303420181
  lastteleport: 1530300393151
  kits:
    diamond: 1529540351436
    iron: 1529874169604
    claim: 1529959406731
  jail: 0
ipAddress: 98.176.184.214
logoutlocation:
  world: Survival
  x: 21172.58724016122
  y: 137.0
  z: 17243.61388616737
  yaw: -28.012817
  pitch: 18.000053
lastlocation:
  world: Survival
  x: 23033.328833128828
  y: 76.26970125469317
  z: 17700.840447532544
  yaw: -244.05058
  pitch: 16.500017
homes:
  home:
    world: Survival
    x: 21209.506944973517
    y: 64.0
    z: 17384.839189422542
    yaw: 180.20134
    pitch: -1.0509381
godmode: false
jailed: false
