lastAccountName: HoiDoi
timestamps:
  login: 1528576225474
  lastteleport: 1528569996990
  kits:
    starter: 1528574818893
    claim: 1528574832042
  logout: 1528576215789
ipAddress: 98.176.184.214
lastlocation:
  world: Survival
  x: 41987.694642547904
  y: 80.0
  z: 32090.75677716158
  yaw: 150.74948
  pitch: 18.150005
homes:
  home:
    world: Survival
    x: 21184.974663386012
    y: 69.0
    z: 17820.716424296144
    yaw: 118.73169
    pitch: 20.550013
logoutlocation:
  world: Survival
  x: 21181.580027599706
  y: 86.0
  z: 17820.553473742348
  yaw: -63.526222
  pitch: 6.551198
