lastAccountName: HoiDoi
timestamps:
  login: 1528688093763
  lastteleport: 1528687042939
  kits:
    starter: 1528678313001
    claim: 1528683655999
  logout: 1528688074970
ipAddress: 98.176.184.214
lastlocation:
  world: Survival
  x: 21180.109797617308
  y: 65.0
  z: 17822.435529748487
  yaw: 231.8305
  pitch: 20.399994
homes:
  home:
    world: Survival
    x: 21183.597425309847
    y: 86.0
    z: 17823.622597100923
    yaw: 3.680481
    pitch: -2.0999885
logoutlocation:
  world: Survival
  x: 21181.67905899061
  y: 85.0
  z: 17836.145359054288
  yaw: -106.269104
  pitch: 37.649963
