lastAccountName: HoiDoi
timestamps:
  login: 1528658769915
  lastteleport: 1528665109464
  kits:
    starter: 1528662042074
    claim: 1528574832042
  logout: 1528581663584
ipAddress: 98.176.184.214
lastlocation:
  world: Survival
  x: 20908.92749219878
  y: 69.0
  z: 17866.20121788121
  yaw: 293.4109
  pitch: 18.590862
homes:
  home:
    world: Survival
    x: 21183.597425309847
    y: 86.0
    z: 17823.622597100923
    yaw: 3.680481
    pitch: -2.0999885
logoutlocation:
  world: Survival
  x: 21184.217535889573
  y: 79.5
  z: 17818.4152945113
  yaw: -19.568304
  pitch: 11.0999975
