lastAccountName: HoiDoi
timestamps:
  login: 1528686281010
  lastteleport: 1528686158212
  kits:
    starter: 1528678313001
    claim: 1528683655999
  logout: 1528686215793
ipAddress: 98.176.184.214
lastlocation:
  world: Survival
  x: 21170.51249998808
  y: 12.0
  z: 17825.700710827823
  yaw: 281.71793
  pitch: -54.299988
homes:
  home:
    world: Survival
    x: 21183.597425309847
    y: 86.0
    z: 17823.622597100923
    yaw: 3.680481
    pitch: -2.0999885
logoutlocation:
  world: Survival
  x: 21160.240336410025
  y: 69.0
  z: 17815.812841733386
  yaw: 287.93085
  pitch: -20.699995
