lastAccountName: HoiDoi
timestamps:
  login: 1528689510675
  lastteleport: 1528688840627
  kits:
    starter: 1528678313001
    claim: 1528683655999
  logout: 1528689007763
ipAddress: 98.176.184.214
lastlocation:
  world: Survival
  x: 20940.376275604234
  y: 70.0
  z: 17799.272858149197
  yaw: 330.47046
  pitch: 17.54991
homes:
  home:
    world: Survival
    x: 21183.597425309847
    y: 86.0
    z: 17823.622597100923
    yaw: 3.680481
    pitch: -2.0999885
logoutlocation:
  world: Survival
  x: 21182.93344366714
  y: 86.0
  z: 17825.75195937826
  yaw: 87.98054
  pitch: -31.050005
