lastAccountName: HoiDoi
timestamps:
  login: 1529348874086
  lastteleport: 1529347394459
  kits:
    starter: 1528678313001
    color: 1528936592903
    claim: 1528939193057
    iron: 1528936028457
    starter-2: 1528936603831
<<<<<<< HEAD
  logout: 1529349427812
=======
  logout: 1529343109728
>>>>>>> parent of 9037959416... server auto-save
ipAddress: 98.176.184.214
lastlocation:
  world: Survival
  x: 21194.07994374504
  y: 6.0
  z: 17814.116508507104
  yaw: -181.86732
  pitch: 18.25076
homes:
  home:
    world: Survival
    x: 21183.597425309847
    y: 86.0
    z: 17823.622597100923
    yaw: 3.680481
    pitch: -2.0999885
logoutlocation:
  world: Survival
<<<<<<< HEAD
  x: 21184.44305160334
  y: 86.0
  z: 17822.704505751542
  yaw: 69.402435
  pitch: 19.949982
=======
  x: 21204.30000001192
  y: 18.0
  z: 17813.30000001192
  yaw: -47.919838
  pitch: 68.24994
>>>>>>> parent of 9037959416... server auto-save
afk: false
godmode: false
