lastAccountName: HoiDoi
timestamps:
  login: 1528658769915
  lastteleport: 1528661454450
  kits:
    starter: 1528574818893
    claim: 1528574832042
  logout: 1528581663584
ipAddress: 98.176.184.214
lastlocation:
  world: Survival
  x: 21169.99806347795
  y: 59.0
  z: 17824.30000001192
  yaw: 45.340637
  pitch: -52.950035
homes:
  home:
    world: Survival
    x: 21183.597425309847
    y: 86.0
    z: 17823.622597100923
    yaw: 3.680481
    pitch: -2.0999885
logoutlocation:
  world: Survival
  x: 21184.217535889573
  y: 79.5
  z: 17818.4152945113
  yaw: -19.568304
  pitch: 11.0999975
