lastAccountName: HoiDoi
timestamps:
  login: 1528761923711
  lastteleport: 1528764084729
  kits:
    starter: 1528678313001
    claim: 1528683655999
    iron: 1528762988292
  logout: 1528691515975
ipAddress: 98.176.184.214
lastlocation:
  world: Survival
  x: 21184.36371178407
  y: 95.0
  z: 17868.009850194543
  yaw: 32.41333
  pitch: 13.500056
homes:
  home:
    world: Survival
    x: 21183.597425309847
    y: 86.0
    z: 17823.622597100923
    yaw: 3.680481
    pitch: -2.0999885
logoutlocation:
  world: Survival
  x: 21178.921859769318
  y: 100.0
  z: 17840.142755512912
  yaw: 1.1315918
  pitch: -16.649916
