lastAccountName: jacobj1998
timestamps:
  login: 1523212962562
  command-cooldowns:
  - pattern: .*( .*)?
    expiry: 1523213376726
  kits:
    starter: 1523213371726
  logout: 1523213426759
ipAddress: 174.96.200.177
geolocation: United States
lastlocation:
  world: Survival
  x: 128.0
  y: 76.0
  z: 544.0
  yaw: 0.0
  pitch: 0.0
logoutlocation:
  world: Survival
  x: 125.36981348400599
  y: 66.0
  z: 459.2225243625555
  yaw: 43.648727
  pitch: 12.450055
