lastAccountName: Nee268
timestamps:
  login: 1530904972268
  lastteleport: 1530905008733
  logout: 1530905043095
ipAddress: 86.45.77.17
lastlocation:
  world: Survival
  x: 129.19336969437109
  y: 63.0
  z: 521.1388370400105
  yaw: 201.11906
  pitch: 21.300163
logoutlocation:
  world: Survival
  x: 112.8877213939162
  y: 70.0
  z: 540.8959922209265
  yaw: -89.13216
  pitch: 1.800019
