lastAccountName: Aesyr
timestamps:
  login: 1524330966348
  command-cooldowns:
  - pattern: .*( .*)?
    expiry: 1524331084037
  logout: 1524331099867
ipAddress: 78.0.238.164
geolocation: Croatia
lastlocation:
  world: Survival
  x: 128.0
  y: 76.0
  z: 544.0
  yaw: 0.0
  pitch: 0.0
logoutlocation:
  world: Survival
  x: 28598.535080031055
  y: 74.93050451123717
  z: 35996.86704043286
  yaw: 52.499886
  pitch: 38.549976
