geolocation: United States
lastAccountName: ItsMako
timestamps:
  login: 1524353078577
  command-cooldowns:
  - pattern: .*( .*)?
    expiry: 1524353250891
  logout: 1524353278705
ipAddress: 70.250.119.144
lastlocation:
  world: Survival
  x: 128.0
  y: 76.0
  z: 544.0
  yaw: 0.0
  pitch: 0.0
logoutlocation:
  world: Survival
  x: 128.37154282268298
  y: 76.0
  z: 546.357625711959
  yaw: -109.991486
  pitch: -19.097223
