lastAccountName: jonnyfun
timestamps:
  login: 1530730727782
  logout: 1530730893021
ipAddress: 86.147.48.21
lastlocation:
  world: Survival
  x: 128.0
  y: 76.0
  z: 544.0
  yaw: 0.0
  pitch: 0.0
logoutlocation:
  world: Survival
  x: -20.31933688827771
  y: 76.0
  z: 498.4019816534064
  yaw: 59.771683
  pitch: 82.81024
