lastAccountName: sossil129
timestamps:
  login: 1525386929673
  logout: 1525387048529
ipAddress: 46.239.216.200
lastlocation:
  world: Survival
  x: 128.0
  y: 76.0
  z: 544.0
  yaw: 0.0
  pitch: 0.0
logoutlocation:
  world: Survival
  x: 190.1786693285936
  y: 80.7531999805212
  z: 697.2477020204756
  yaw: -10.684021
  pitch: 10.349991
