lastAccountName: EddyPine
timestamps:
  login: 1526998959951
  logout: 1526998961370
ipAddress: 140.213.2.138
lastlocation:
  world: Survival
  x: 128.0
  y: 76.0
  z: 544.0
  yaw: 0.0
  pitch: 0.0
logoutlocation:
  world: Survival
  x: 128.5
  y: 76.0
  z: 544.5
  yaw: 85.918076
  pitch: 12.750047
