lastAccountName: griff48432
timestamps:
  login: 1533057762710
  logout: 1533058178469
ipAddress: 66.56.175.15
lastlocation:
  world: Survival
  x: 128.0
  y: 76.0
  z: 544.0
  yaw: 0.0
  pitch: 0.0
logoutlocation:
  world: Survival
  x: 12801.151960976335
  y: 77.0
  z: 50146.21582407134
  yaw: 102.08626
  pitch: 13.650053
