lastAccountName: Fallen72
timestamps:
  login: 1523703642332
  logout: 1523703702523
ipAddress: 92.86.50.76
lastlocation:
  world: Survival
  x: 128.0
  y: 76.0
  z: 544.0
  yaw: 0.0
  pitch: 0.0
geolocation: Romania
logoutlocation:
  world: Survival
  x: 120.16044258197769
  y: 70.0
  z: 563.4366875841201
  yaw: 181.04988
  pitch: 27.450006
