lastAccountName: FlyAsHuck
timestamps:
  login: 1531607121404
  lastteleport: 1531606759220
  logout: 1531607130820
ipAddress: 80.5.192.23
lastlocation:
  world: Survival
  x: 128.5
  y: 76.0
  z: 544.5
  yaw: 85.918076
  pitch: 12.750047
logoutlocation:
  world: Survival
  x: -79.97952194429737
  y: 76.0
  z: -89.3704501318412
  yaw: 101.85301
  pitch: 11.60296
