lastAccountName: EmmaPowee
timestamps:
  login: 1523554240665
  command-cooldowns:
  - pattern: .*( .*)?
    expiry: 1523554667659
  logout: 1523471805827
  lastteleport: 1523554377626
ipAddress: 82.44.12.229
lastlocation:
  world: Creative
  x: -84.36246790210222
  y: 68.6693123248203
  z: 19.37479617238829
  yaw: 16.050323
  pitch: 12.150035
geolocation: United Kingdom
logoutlocation:
  world: Creative
  x: -125.57010052174977
  y: 65.0
  z: 2.618551773428203
  yaw: -203.6994
  pitch: -19.950026
