lastAccountName: EmmaPowee
timestamps:
  login: 1523470227258
  command-cooldowns:
  - pattern: .*( .*)?
    expiry: 1523470870743
  logout: 1523471128131
ipAddress: 82.44.12.229
lastlocation:
  world: Survival
  x: 42099.34423407196
  y: 64.0
  z: 3450.4166960061107
  yaw: -320.84995
  pitch: 24.599987
geolocation: United Kingdom
logoutlocation:
  world: Creative
  x: -152.12995504567996
  y: 65.0
  z: 21.73465686088696
  yaw: -7.500122
  pitch: -31.199986
