lastAccountName: EmmaPowee
timestamps:
  login: 1523471581720
  command-cooldowns:
  - pattern: .*( .*)?
    expiry: 1523471277196
  logout: 1523471805827
ipAddress: 82.44.12.229
lastlocation:
  world: Creative
  x: -148.6514591054199
  y: 65.0
  z: 21.159429868681585
  yaw: -157.79997
  pitch: 16.350014
geolocation: United Kingdom
logoutlocation:
  world: Creative
  x: -125.57010052174977
  y: 65.0
  z: 2.618551773428203
  yaw: -203.6994
  pitch: -19.950026
