lastAccountName: EmmaPowee
timestamps:
  login: 1523471220211
  command-cooldowns:
  - pattern: .*( .*)?
    expiry: 1523471277196
  logout: 1523471128131
ipAddress: 82.44.12.229
lastlocation:
  world: Creative
  x: -148.6514591054199
  y: 65.0
  z: 21.159429868681585
  yaw: -157.79997
  pitch: 16.350014
geolocation: United Kingdom
logoutlocation:
  world: Creative
  x: -152.12995504567996
  y: 65.0
  z: 21.73465686088696
  yaw: -7.500122
  pitch: -31.199986
