lastAccountName: Pqu
timestamps:
  login: 1529260189355
  lastteleport: 1529266471240
  logout: 1529267969835
ipAddress: 62.64.131.76
lastlocation:
  world: Survival
  x: 15609.300000011921
  y: 51.0
  z: 5370.781781458275
  yaw: 212.9986
  pitch: 74.4
logoutlocation:
  world: Survival
  x: 16339.699999988079
  y: 57.5
  z: 8424.23826616835
  yaw: 152.99005
  pitch: 16.800009
