lastAccountName: Pqu
timestamps:
  login: 1532457724384
  lastteleport: 1529266471240
  logout: 1532457956358
ipAddress: 84.13.220.89
lastlocation:
  world: Survival
  x: 15609.300000011921
  y: 51.0
  z: 5370.781781458275
  yaw: 212.9986
  pitch: 74.4
logoutlocation:
  world: Survival
  x: 16333.470612537347
  y: 63.0
  z: 8429.270275044453
  yaw: 186.29059
  pitch: 12.300191
