lastAccountName: Frank_TonyLani
timestamps:
  login: 1523380124792
  logout: 1523380149174
ipAddress: 182.253.163.4
geolocation: Indonesia
lastlocation:
  world: Survival
  x: 128.0
  y: 76.0
  z: 544.0
  yaw: 0.0
  pitch: 0.0
logoutlocation:
  world: Survival
  x: 127.7683762299153
  y: 70.0
  z: 519.6432897647273
  yaw: 78.449974
  pitch: 3.0000079
