lastAccountName: BunnySmart
timestamps:
  login: 1526998963172
  logout: 1526998821720
  lastteleport: 1524996052101
ipAddress: 140.213.2.138
geolocation: Indonesia
lastlocation:
  world: Survival
  x: 127.90924315170284
  y: 70.0
  z: 539.8036760238216
  yaw: 40.349964
  pitch: -3.6000152
logoutlocation:
  world: Survival
  x: 156.01427952743072
  y: 70.0
  z: 541.6343898137472
  yaw: 222.23457
  pitch: 26.517519
