lastAccountName: Frank_TonyLani
timestamps:
  login: 1525528503073
  logout: 1525528534477
  lastteleport: 1524996052101
ipAddress: 182.253.163.54
geolocation: Indonesia
lastlocation:
  world: Survival
  x: 127.90924315170284
  y: 70.0
  z: 539.8036760238216
  yaw: 40.349964
  pitch: -3.6000152
logoutlocation:
  world: Survival
  x: 156.01427952743072
  y: 70.0
  z: 541.6343898137472
  yaw: 222.23457
  pitch: 26.517519
