lastAccountName: Frank_TonyLani
timestamps:
  login: 1524995975858
  logout: 1523380149174
  lastteleport: 1524996052101
ipAddress: 110.138.149.139
geolocation: Indonesia
lastlocation:
  world: Survival
  x: 127.90924315170284
  y: 70.0
  z: 539.8036760238216
  yaw: 40.349964
  pitch: -3.6000152
logoutlocation:
  world: Survival
  x: 127.7683762299153
  y: 70.0
  z: 519.6432897647273
  yaw: 78.449974
  pitch: 3.0000079
