lastAccountName: Frank_TonyLani
timestamps:
  login: 1524995975858
  logout: 1524996095061
  lastteleport: 1524996052101
ipAddress: 110.138.149.139
geolocation: Indonesia
lastlocation:
  world: Survival
  x: 127.90924315170284
  y: 70.0
  z: 539.8036760238216
  yaw: 40.349964
  pitch: -3.6000152
logoutlocation:
  world: Survival
  x: 137.29427667223894
  y: 72.5
  z: 547.9557950843367
  yaw: 83.99461
  pitch: 6.2423115
