lastAccountName: santi13456575
timestamps:
  login: 1524526568137
  command-cooldowns:
  - pattern: .*( .*)?
    expiry: 1524527206998
  kits:
    claim: 1524526705768
  logout: 1524527269210
ipAddress: 200.116.24.93
lastlocation:
  world: Survival
  x: 128.0
  y: 76.0
  z: 544.0
  yaw: 0.0
  pitch: 0.0
geolocation: Colombia
logoutlocation:
  world: Survival
  x: 15.605782963537905
  y: 70.0
  z: 639.4395476002053
  yaw: -117.03283
  pitch: 26.549856
