lastAccountName: improbablyhigh
timestamps:
  login: 1531613727620
  kits:
    starter: 1530660334186
    claim: 1530659447719
  logout: 1531613788421
  lastteleport: 1531607285384
ipAddress: 80.5.192.23
lastlocation:
  world: Survival
  x: -105.10221487869681
  y: 64.0
  z: -177.715649989501
  yaw: -47.043
  pitch: 27.865963
homes:
  home:
    world: Survival
    x: -81.78354912261346
    y: 101.0
    z: -89.1648875274947
    yaw: 277.0475
    pitch: 13.705663
logoutlocation:
  world: Survival
  x: -84.94928863830216
  y: 76.0
  z: -94.38274942796686
  yaw: 219.62842
  pitch: 8.696595
