lastAccountName: im22
timestamps:
  login: 1523216749902
  lastteleport: 1523198396056
  command-cooldowns:
  - pattern: .*( .*)?
    expiry: 1523198153242
  logout: 1523216755744
  kits:
    starter: 1523198148244
    claim: 1523198124334
ipAddress: 94.61.102.190
geolocation: Portugal
lastlocation:
  world: Survival
  x: 114.42621246008008
  y: 70.0
  z: 661.3689477333344
  yaw: -3.1028137
  pitch: 86.29499
logoutlocation:
  world: Survival
  x: 119.37454342102399
  y: 72.0
  z: 540.722582052716
  yaw: 84.69974
  pitch: 37.11534
