lastAccountName: prototype464
timestamps:
  login: 1523388258884
  command-cooldowns:
  - pattern: .*( .*)?
    expiry: 1523026547328
  kits:
    starter: 1522944265075
    claim: 1522944257415
  lastteleport: 1522944863849
  logout: 1523251764457
ipAddress: 107.13.153.114
lastlocation:
  world: Staff
  x: 1840.1426992054908
  y: 55.0
  z: -739.5331797402417
  yaw: -215.74829
  pitch: 14.590696
geolocation: United States
homes:
  home:
    world: Survival
    x: 19228.69999998808
    y: 69.0
    z: 7543.300000011921
    yaw: -296.96384
    pitch: 15.278559
logoutlocation:
  world: Survival
  x: 19228.69999998808
  y: 68.0
  z: 7544.300000011921
  yaw: -270.01215
  pitch: 9.293632
