lastAccountName: 3ggPl4nt
timestamps:
  login: 1531741208288
  kits:
    starter: 1531741230802
    claim: 1531741228300
  logout: 1531741659547
ipAddress: 83.161.236.67
lastlocation:
  world: Survival
  x: 128.0
  y: 76.0
  z: 544.0
  yaw: 0.0
  pitch: 0.0
logoutlocation:
  world: Survival
  x: 138.25857967346974
  y: 73.0
  z: 811.452667096673
  yaw: -90.18297
  pitch: 35.999847
