geolocation: United States
lastAccountName: JJdaGreat
timestamps:
  login: 1524528976086
  lastteleport: 1524529029404
ipAddress: 100.40.106.195
lastlocation:
  world: Survival
  x: 133.51588631434933
  y: 75.5
  z: 536.7021379813086
  yaw: -356.6829
  pitch: -0.30695298
