lastAccountName: LegendOfPeanuts
timestamps:
  login: 1531221757973
  logout: 1531221802956
ipAddress: 113.254.89.125
lastlocation:
  world: Survival
  x: 128.0
  y: 76.0
  z: 544.0
  yaw: 0.0
  pitch: 0.0
logoutlocation:
  world: Survival
  x: 128.30997638477834
  y: 70.0
  z: 541.911962377032
  yaw: 267.1181
  pitch: 35.85006
