lastAccountName: Autismisrife
timestamps:
  login: 1532356842542
  logout: 1532357862178
ipAddress: 86.175.174.103
lastlocation:
  world: Survival
  x: 128.0
  y: 76.0
  z: 544.0
  yaw: 0.0
  pitch: 0.0
logoutlocation:
  world: Survival
  x: 96.55175312503417
  y: 70.0
  z: 288.69336870825794
  yaw: 143.24771
  pitch: 31.443459
