lastAccountName: Snouzuless
timestamps:
  login: 1523648546637
  logout: 1523648604287
  command-cooldowns:
  - pattern: .*( .*)?
    expiry: 1523558454891
  lastteleport: 1523558452913
  kits:
    starter: 1523513888309
ipAddress: 37.153.223.254
lastlocation:
  world: Survival
  x: 23403.47311369925
  y: 83.0
  z: 13565.245119514055
  yaw: -110.54932
  pitch: 11.250041
geolocation: Netherlands
logoutlocation:
  world: Survival
  x: 122.925632151954
  y: 70.0
  z: 557.0630798679541
  yaw: 134.40054
  pitch: 15.599973
