lastAccountName: Snouzuless
timestamps:
  login: 1523513703506
  logout: 1523513664282
  command-cooldowns:
  - pattern: .*( .*)?
    expiry: 1523513814613
  lastteleport: 1523513813624
ipAddress: 37.153.223.254
lastlocation:
  world: Survival
  x: 204.65831550233628
  y: 89.0
  z: 600.6605639724849
  yaw: -299.70477
  pitch: 62.40008
geolocation: Netherlands
logoutlocation:
  world: Survival
  x: 128.5
  y: 76.0
  z: 544.5
  yaw: 1.0500166
  pitch: 2.700013
