lastAccountName: Snouzuless
timestamps:
  login: 1523513703506
  logout: 1523514755232
  command-cooldowns:
  - pattern: .*( .*)?
    expiry: 1523514690397
  lastteleport: 1523513813624
  kits:
    starter: 1523513888309
ipAddress: 37.153.223.254
lastlocation:
  world: Survival
  x: 204.65831550233628
  y: 89.0
  z: 600.6605639724849
  yaw: -299.70477
  pitch: 62.40008
geolocation: Netherlands
logoutlocation:
  world: Survival
  x: 23402.064547800474
  y: 83.0
  z: 13565.771028153777
  yaw: -110.54932
  pitch: 11.250041
