lastAccountName: Snouzuless
timestamps:
  login: 1523513703506
  logout: 1523513664282
  command-cooldowns:
  - pattern: .*( .*)?
    expiry: 1523513814613
ipAddress: 37.153.223.254
lastlocation:
  world: Survival
  x: 128.0
  y: 76.0
  z: 544.0
  yaw: 0.0
  pitch: 0.0
geolocation: Netherlands
logoutlocation:
  world: Survival
  x: 128.5
  y: 76.0
  z: 544.5
  yaw: 1.0500166
  pitch: 2.700013
