lastAccountName: Snouzuless
timestamps:
  login: 1523558413530
  logout: 1523514755232
  command-cooldowns:
  - pattern: .*( .*)?
    expiry: 1523558454891
  lastteleport: 1523558452913
  kits:
    starter: 1523513888309
ipAddress: 37.153.223.254
lastlocation:
  world: Survival
  x: 23403.47311369925
  y: 83.0
  z: 13565.245119514055
  yaw: -110.54932
  pitch: 11.250041
geolocation: Netherlands
logoutlocation:
  world: Survival
  x: 23402.064547800474
  y: 83.0
  z: 13565.771028153777
  yaw: -110.54932
  pitch: 11.250041
