lastAccountName: Emphasizinq
timestamps:
  login: 1524328848282
  command-cooldowns:
  - pattern: .*( .*)?
    expiry: 1524328896953
  logout: 1524329061432
ipAddress: 124.104.233.53
geolocation: Philippines
lastlocation:
  world: Survival
  x: 128.0
  y: 76.0
  z: 544.0
  yaw: 0.0
  pitch: 0.0
logoutlocation:
  world: Survival
  x: 132.86056033723997
  y: 76.0
  z: 540.7089713049553
  yaw: -73.2583
  pitch: 26.9004
