lastAccountName: ShingoriTokira
timestamps:
  login: 1527292542254
  kits:
    starter: 1527193630902
    claim: 1527193867073
  logout: 1527292506310
ipAddress: 23.112.41.190
lastlocation:
  world: Survival
  x: 128.0
  y: 76.0
  z: 544.0
  yaw: 0.0
  pitch: 0.0
logoutlocation:
  world: Survival
  x: 38966.421658505344
  y: 76.0
  z: 22292.84232260272
  yaw: -341.3296
  pitch: 6.6114826
