lastAccountName: ShingoriTokira
timestamps:
  login: 1527858980763
  kits:
    starter: 1527193630902
    claim: 1527193867073
  logout: 1527858925544
  lastteleport: 1527388269245
ipAddress: 23.112.41.190
lastlocation:
  world: Survival
  x: 184.73503586136783
  y: 63.0
  z: 193.21754470060526
  yaw: -73.679375
  pitch: 13.881886
logoutlocation:
  world: Creative
  x: -210.40045208058115
  y: 76.50105942526238
  z: 184.4083733382327
  yaw: -37.346405
  pitch: 3.9839692
godmode: false
afk: false
