lastAccountName: ShingoriTokira
timestamps:
  login: 1528066704460
  kits:
    starter: 1527193630902
    claim: 1527193867073
  logout: 1528066635371
  lastteleport: 1528065612086
ipAddress: 23.112.41.190
lastlocation:
  world: Survival
  x: 35885.085851345255
  y: 67.17675927506424
  z: 33882.05189534964
  yaw: -343.92114
  pitch: 23.112427
logoutlocation:
  world: Creative
  x: -168.94107628180507
  y: 66.13696287274317
  z: 269.60818162823944
  yaw: 95.81741
  pitch: 90.0
godmode: false
afk: false
nickname: Shingori
