lastAccountName: ShingoriTokira
timestamps:
  login: 1528145836745
  kits:
    starter: 1527193630902
    claim: 1527193867073
  logout: 1528075931014
  lastteleport: 1528145905841
ipAddress: 23.112.41.190
lastlocation:
  world: Survival
  x: 19.69999998807907
  y: 29.0
  z: 634.5892287330253
  yaw: 103.5551
  pitch: -90.0
logoutlocation:
  world: Survival
  x: 19.30000001192093
  y: 29.0
  z: 634.3000000119209
  yaw: 101.22568
  pitch: 13.748368
godmode: false
afk: false
nickname: Shingori
