lastAccountName: ShingoriTokira
timestamps:
  login: 1528065214554
  kits:
    starter: 1527193630902
    claim: 1527193867073
  logout: 1528065204141
  lastteleport: 1528064746388
ipAddress: 23.112.41.190
lastlocation:
  world: Creative
  x: -244.90140083117382
  y: 82.0
  z: 163.6249110918294
  yaw: -188.20868
  pitch: 42.443985
logoutlocation:
  world: Creative
  x: -214.31615021382459
  y: 87.6279818726183
  z: 202.51542115890842
  yaw: -91.91406
  pitch: 71.728096
godmode: false
afk: false
nickname: Shingori
