lastAccountName: ShingoriTokira
timestamps:
  login: 1527194614120
  kits:
    starter: 1527193630902
    claim: 1527193867073
  logout: 1527194556308
ipAddress: 23.112.41.190
lastlocation:
  world: Survival
  x: 128.0
  y: 76.0
  z: 544.0
  yaw: 0.0
  pitch: 0.0
logoutlocation:
  world: Survival
  x: 38959.398715338066
  y: 77.0
  z: 22289.14716982442
  yaw: -75.52771
  pitch: 15.34566
