lastAccountName: ShingoriTokira
timestamps:
  login: 1528052265446
  kits:
    starter: 1527193630902
    claim: 1527193867073
  logout: 1528063317246
  lastteleport: 1527388269245
ipAddress: 23.112.41.190
lastlocation:
  world: Survival
  x: 184.73503586136783
  y: 63.0
  z: 193.21754470060526
  yaw: -73.679375
  pitch: 13.881886
logoutlocation:
  world: Creative
  x: -198.26227877819537
  y: 86.77710695274304
  z: 155.33605678313532
  yaw: -168.54126
  pitch: 35.425095
godmode: false
afk: false
nickname: Shingori
