lastAccountName: ShingoriTokira
timestamps:
  login: 1528065214554
  kits:
    starter: 1527193630902
    claim: 1527193867073
  logout: 1528065782756
  lastteleport: 1528065612086
ipAddress: 23.112.41.190
lastlocation:
  world: Survival
  x: 35885.085851345255
  y: 67.17675927506424
  z: 33882.05189534964
  yaw: -343.92114
  pitch: 23.112427
logoutlocation:
  world: Creative
  x: -214.31615021382459
  y: 87.6279818726183
  z: 202.51542115890842
  yaw: -91.91406
  pitch: 71.728096
godmode: false
afk: false
nickname: Shingori
