lastAccountName: ShingoriTokira
timestamps:
  login: 1527299442284
  kits:
    starter: 1527193630902
    claim: 1527193867073
  logout: 1527293008718
  lastteleport: 1527300855189
ipAddress: 23.112.41.190
lastlocation:
  world: Creative
  x: -177.74433478605098
  y: 78.39102950058582
  z: 191.06699618707944
  yaw: -270.41382
  pitch: 9.49045
logoutlocation:
  world: Survival
  x: 38958.90866226318
  y: 77.0
  z: 22288.46841100823
  yaw: -141.58942
  pitch: 26.806133
