lastAccountName: ShingoriTokira
timestamps:
  login: 1527299442284
  kits:
    starter: 1527193630902
    claim: 1527193867073
  logout: 1527293008718
  lastteleport: 1527299593862
ipAddress: 23.112.41.190
lastlocation:
  world: Staff
  x: 1837.3124735499944
  y: 55.0
  z: -749.4042474136855
  yaw: -317.1545
  pitch: 8.8443365
logoutlocation:
  world: Survival
  x: 38958.90866226318
  y: 77.0
  z: 22288.46841100823
  yaw: -141.58942
  pitch: 26.806133
