lastAccountName: ShingoriTokira
timestamps:
  login: 1527299442284
  kits:
    starter: 1527193630902
    claim: 1527193867073
  logout: 1527293008718
  lastteleport: 1527301444019
ipAddress: 23.112.41.190
lastlocation:
  world: Survival
  x: -424.53856432367405
  y: 119.14863973460066
  z: 513.6460956446381
  yaw: -236.31226
  pitch: 48.037434
logoutlocation:
  world: Survival
  x: 38958.90866226318
  y: 77.0
  z: 22288.46841100823
  yaw: -141.58942
  pitch: 26.806133
godmode: true
