lastAccountName: ShingoriTokira
timestamps:
  login: 1527280591643
  kits:
    starter: 1527193630902
    claim: 1527193867073
  logout: 1527195451487
ipAddress: 23.112.41.190
lastlocation:
  world: Survival
  x: 128.0
  y: 76.0
  z: 544.0
  yaw: 0.0
  pitch: 0.0
logoutlocation:
  world: Survival
  x: 39001.93900903236
  y: 84.0
  z: 22277.24390908577
  yaw: -269.10046
  pitch: 15.052486
