lastAccountName: ShingoriTokira
timestamps:
  login: 1527516649715
  kits:
    starter: 1527193630902
    claim: 1527193867073
  logout: 1527517051444
  lastteleport: 1527388269245
ipAddress: 23.112.41.190
lastlocation:
  world: Survival
  x: 184.73503586136783
  y: 63.0
  z: 193.21754470060526
  yaw: -73.679375
  pitch: 13.881886
logoutlocation:
  world: Creative
  x: -204.043132584777
  y: 89.10142903359746
  z: 203.58788195972838
  yaw: -57.859863
  pitch: 55.356457
godmode: false
afk: false
