lastAccountName: ShingoriTokira
timestamps:
  login: 1528063320898
  kits:
    starter: 1527193630902
    claim: 1527193867073
  logout: 1528063317246
  lastteleport: 1528064746388
ipAddress: 23.112.41.190
lastlocation:
  world: Creative
  x: -238.20748334400025
  y: 113.64818849148243
  z: 203.327138602826
  yaw: -191.04028
  pitch: 28.697792
logoutlocation:
  world: Creative
  x: -198.26227877819537
  y: 86.77710695274304
  z: 155.33605678313532
  yaw: -168.54126
  pitch: 35.425095
godmode: false
afk: false
nickname: Shingori
