lastAccountName: ShingoriTokira
timestamps:
  login: 1527292542254
  kits:
    starter: 1527193630902
    claim: 1527193867073
  logout: 1527293008718
ipAddress: 23.112.41.190
lastlocation:
  world: Survival
  x: 128.0
  y: 76.0
  z: 544.0
  yaw: 0.0
  pitch: 0.0
logoutlocation:
  world: Survival
  x: 38958.90866226318
  y: 77.0
  z: 22288.46841100823
  yaw: -141.58942
  pitch: 26.806133
