lastAccountName: ShingoriTokira
timestamps:
  login: 1528063320898
  kits:
    starter: 1527193630902
    claim: 1527193867073
  logout: 1528063317246
  lastteleport: 1528064746388
ipAddress: 23.112.41.190
lastlocation:
  world: Survival
  x: 214.9833930321717
  y: 40.0
  z: 408.6541470119268
  yaw: 346.28326
  pitch: 48.736046
logoutlocation:
  world: Creative
  x: -198.26227877819537
  y: 86.77710695274304
  z: 155.33605678313532
  yaw: -168.54126
  pitch: 35.425095
godmode: false
afk: false
nickname: Shingori
