lastAccountName: ShingoriTokira
timestamps:
  login: 1527516649715
  kits:
    starter: 1527193630902
    claim: 1527193867073
  logout: 1527438599577
  lastteleport: 1527388269245
ipAddress: 23.112.41.190
lastlocation:
  world: Survival
  x: 184.73503586136783
  y: 63.0
  z: 193.21754470060526
  yaw: -73.679375
  pitch: 13.881886
logoutlocation:
  world: Creative
  x: -205.3970932386136
  y: 74.93161053871832
  z: 192.6110255219704
  yaw: 340.10458
  pitch: 28.080683
godmode: false
afk: false
