lastAccountName: ShingoriTokira
timestamps:
  login: 1527890291072
  kits:
    starter: 1527193630902
    claim: 1527193867073
  logout: 1527890292010
  lastteleport: 1527388269245
ipAddress: 23.112.41.190
lastlocation:
  world: Survival
  x: 184.73503586136783
  y: 63.0
  z: 193.21754470060526
  yaw: -73.679375
  pitch: 13.881886
logoutlocation:
  world: Creative
  x: -197.34229666171845
  y: 85.0
  z: 196.6623714572275
  yaw: -183.88086
  pitch: 38.58708
godmode: false
afk: false
