lastAccountName: ShingoriTokira
timestamps:
  login: 1527280591643
  kits:
    starter: 1527193630902
    claim: 1527193867073
  logout: 1527283880598
ipAddress: 23.112.41.190
lastlocation:
  world: Survival
  x: 128.0
  y: 76.0
  z: 544.0
  yaw: 0.0
  pitch: 0.0
logoutlocation:
  world: Survival
  x: 38949.83609244153
  y: 71.0
  z: 22282.137881686464
  yaw: 228.09253
  pitch: 5.1476626
