lastAccountName: ShingoriTokira
timestamps:
  login: 1527517085083
  kits:
    starter: 1527193630902
    claim: 1527193867073
  logout: 1527521813432
  lastteleport: 1527388269245
ipAddress: 23.112.41.190
lastlocation:
  world: Survival
  x: 184.73503586136783
  y: 63.0
  z: 193.21754470060526
  yaw: -73.679375
  pitch: 13.881886
logoutlocation:
  world: Creative
  x: -196.76325545058768
  y: 85.0
  z: 201.41530632679476
  yaw: -4.744629
  pitch: 44.303288
godmode: false
afk: false
