lastAccountName: ShingoriTokira
timestamps:
  login: 1528066704460
  kits:
    starter: 1527193630902
    claim: 1527193867073
  logout: 1528066635371
  lastteleport: 1528065612086
ipAddress: 23.112.41.190
lastlocation:
  world: Survival
  x: 19.30000001192093
  y: 30.0
  z: 634.3000000119209
  yaw: -219.93555
  pitch: 4.9499636
logoutlocation:
  world: Creative
  x: -168.94107628180507
  y: 66.13696287274317
  z: 269.60818162823944
  yaw: 95.81741
  pitch: 90.0
godmode: false
afk: false
nickname: Shingori
