lastAccountName: ShingoriTokira
timestamps:
  login: 1528065214554
  kits:
    starter: 1527193630902
    claim: 1527193867073
  logout: 1528065204141
  lastteleport: 1528064746388
ipAddress: 23.112.41.190
lastlocation:
  world: Survival
  x: 214.9833930321717
  y: 40.0
  z: 408.6541470119268
  yaw: 346.28326
  pitch: 48.736046
logoutlocation:
  world: Creative
  x: -214.31615021382459
  y: 87.6279818726183
  z: 202.51542115890842
  yaw: -91.91406
  pitch: 71.728096
godmode: false
afk: false
nickname: Shingori
