lastAccountName: ShingoriTokira
timestamps:
  login: 1527194614120
  kits:
    starter: 1527193630902
    claim: 1527193867073
  logout: 1527194666987
ipAddress: 23.112.41.190
lastlocation:
  world: Survival
  x: 128.0
  y: 76.0
  z: 544.0
  yaw: 0.0
  pitch: 0.0
logoutlocation:
  world: Survival
  x: 38975.874847188126
  y: 75.0
  z: 22293.803039062783
  yaw: -56.59543
  pitch: 5.58692
