lastAccountName: ShingoriTokira
timestamps:
  login: 1527299442284
  kits:
    starter: 1527193630902
    claim: 1527193867073
  logout: 1527293008718
  lastteleport: 1527299449401
ipAddress: 23.112.41.190
lastlocation:
  world: Survival
  x: 38958.90866226318
  y: 77.0
  z: 22288.46841100823
  yaw: -43.02621
  pitch: -6.861497
logoutlocation:
  world: Survival
  x: 38958.90866226318
  y: 77.0
  z: 22288.46841100823
  yaw: -141.58942
  pitch: 26.806133
