lastAccountName: ShingoriTokira
timestamps:
  login: 1528498796633
  kits:
    starter: 1527193630902
    claim: 1527193867073
  logout: 1528498920613
  lastteleport: 1528145974574
ipAddress: 23.112.41.190
lastlocation:
  world: Staff
  x: 1834.8012095323481
  y: 55.0
  z: -746.6999999880791
  yaw: -129.22484
  pitch: 3.5001588
logoutlocation:
  world: Creative
  x: -248.1227181044613
  y: 82.9931355636394
  z: 193.8727402032796
  yaw: -267.65527
  pitch: 9.499379
godmode: false
afk: false
nickname: Shingori
