lastAccountName: ShingoriTokira
timestamps:
  login: 1527388244795
  kits:
    starter: 1527193630902
    claim: 1527193867073
  logout: 1527301914563
  lastteleport: 1527388269245
ipAddress: 23.112.41.190
lastlocation:
  world: Survival
  x: 184.73503586136783
  y: 63.0
  z: 193.21754470060526
  yaw: -73.679375
  pitch: 13.881886
logoutlocation:
  world: Survival
  x: 170.87862691774495
  y: 59.257468957628745
  z: 176.31163011226985
  yaw: 75.14132
  pitch: 5.5869474
godmode: true
afk: true
