lastAccountName: ShingoriTokira
timestamps:
  login: 1528063320898
  kits:
    starter: 1527193630902
    claim: 1527193867073
  logout: 1528063317246
  lastteleport: 1528063721140
ipAddress: 23.112.41.190
lastlocation:
  world: Creative
  x: -398.05250833837727
  y: 102.26452105821394
  z: 49.745257608079754
  yaw: -13.252472
  pitch: 32.097355
logoutlocation:
  world: Creative
  x: -198.26227877819537
  y: 86.77710695274304
  z: 155.33605678313532
  yaw: -168.54126
  pitch: 35.425095
godmode: false
afk: false
nickname: Shingori
