lastAccountName: ShingoriTokira
timestamps:
  login: 1528148889687
  kits:
    starter: 1527193630902
    claim: 1527193867073
  logout: 1528148861343
  lastteleport: 1528145974574
ipAddress: 23.112.41.190
lastlocation:
  world: Staff
  x: 1834.8012095323481
  y: 55.0
  z: -746.6999999880791
  yaw: -129.22484
  pitch: 3.5001588
logoutlocation:
  world: Creative
  x: -169.3441788878177
  y: 65.5
  z: 269.7634391067472
  yaw: -35.203167
  pitch: 75.721405
godmode: false
afk: false
nickname: Shingori
