lastAccountName: ShingoriTokira
timestamps:
  login: 1527881378956
  kits:
    starter: 1527193630902
    claim: 1527193867073
  logout: 1527865636838
  lastteleport: 1527388269245
ipAddress: 23.112.41.190
lastlocation:
  world: Survival
  x: 184.73503586136783
  y: 63.0
  z: 193.21754470060526
  yaw: -73.679375
  pitch: 13.881886
logoutlocation:
  world: Creative
  x: -237.33397012499034
  y: 94.83337916237939
  z: 199.9718947318278
  yaw: -218.05762
  pitch: 57.633522
godmode: false
afk: false
