lastAccountName: DeadSilunce
timestamps:
  login: 1528064415766
  logout: 1528065223412
ipAddress: 68.2.211.104
lastlocation:
  world: Survival
  x: 213.49757299248813
  y: 35.0
  z: 410.2993495651707
  yaw: 86.48071
  pitch: 88.74589
logoutlocation:
  world: Creative
  x: -192.9081492480476
  y: 86.59819977797116
  z: 211.32019243189114
  yaw: 101.71802
  pitch: 9.746036
