lastAccountName: DeadSilunce
timestamps:
  login: 1528064415766
  logout: 1527574514974
ipAddress: 68.2.211.104
lastlocation:
  world: Survival
  x: 213.49757299248813
  y: 35.0
  z: 410.2993495651707
  yaw: 86.48071
  pitch: 88.74589
logoutlocation:
  world: Survival
  x: 129.10708381456294
  y: 70.0
  z: 539.9891534379424
  yaw: 187.47241
  pitch: -6.6541157
