lastAccountName: DeadSilunce
timestamps:
  login: 1528064415766
  logout: 1527574514974
ipAddress: 68.2.211.104
lastlocation:
  world: Survival
  x: 212.3941459413032
  y: 30.0
  z: 408.30000001192093
  yaw: 284.68018
  pitch: -63.547684
logoutlocation:
  world: Survival
  x: 129.10708381456294
  y: 70.0
  z: 539.9891534379424
  yaw: 187.47241
  pitch: -6.6541157
