lastAccountName: auakiry
timestamps:
  login: 1532966621075
  logout: 1532966747076
ipAddress: 142.120.0.237
lastlocation:
  world: Survival
  x: 128.0
  y: 76.0
  z: 544.0
  yaw: 0.0
  pitch: 0.0
logoutlocation:
  world: Survival
  x: 125.93012942578363
  y: 76.0
  z: 546.8610381613859
  yaw: 199.61781
  pitch: 25.050081
