lastAccountName: auakiry
timestamps:
  login: 1533057746948
  logout: 1532966747076
  lastteleport: 1533057869051
ipAddress: 142.120.0.237
lastlocation:
  world: Survival
  x: 34225.50045988857
  y: 67.0
  z: 13298.480222499804
  yaw: 160.80096
  pitch: 11.249946
logoutlocation:
  world: Survival
  x: 125.93012942578363
  y: 76.0
  z: 546.8610381613859
  yaw: 199.61781
  pitch: 25.050081
