lastAccountName: auakiry
timestamps:
  login: 1533057746948
  logout: 1533058174763
  lastteleport: 1533057869051
ipAddress: 142.120.0.237
lastlocation:
  world: Survival
  x: 34225.50045988857
  y: 67.0
  z: 13298.480222499804
  yaw: 160.80096
  pitch: 11.249946
logoutlocation:
  world: Survival
  x: 12907.309382170766
  y: 67.0
  z: 50134.78271934174
  yaw: 3.070459
  pitch: 12.749943
