lastAccountName: TumbleGamer
timestamps:
  login: 1532357442084
  logout: 1532357438396
  lastteleport: 1532356373731
  kits:
    diamond: 1529537489565
    firework: 1523065527412
    color: 1524325833656
    starter: 1525106263797
    claim: 1532214748941
    iron: 1529349988754
    notch: 1523065029218
    dtools: 1522716798006
    portal: 1522804655541
    tools: 1522876520389
    vote: 1522716746555
    serverstart: 1524307569735
  command-cooldowns:
  - pattern: .*( .*)?
    expiry: 1524407728668
ipAddress: 82.44.12.229
lastlocation:
  world: Survival
  x: 108.84640928612826
  y: 95.89159086478654
  z: 652.1175296817531
  yaw: -347.24637
  pitch: 29.466337
logoutlocation:
  world: Survival
  x: -4.256561817909419
  y: 76.5835713701808
  z: 627.2014627662265
  yaw: -359.74222
  pitch: 30.894014
afk: false
money: '1986.0'
homes:
  home:
    world: Survival
    x: 12745.5
    y: 69.0
    z: 6051.5
    yaw: -177.58936
    pitch: 22.05003
  mine:
    world: Survival
    x: 12683.931827591874
    y: 10.0
    z: 6023.042599569157
    yaw: 218.7052
    pitch: 24.600605
  mushroomfarm:
    world: Survival
    x: 12704.354387517129
    y: 15.0
    z: 6027.166465341277
    yaw: -92.84532
    pitch: 7.950578
  obsidian2:
    world: Survival
    x: 12541.957305469476
    y: 11.0
    z: 6018.3020478338
    yaw: 89.403564
    pitch: 11.550046
  obsidian3:
    world: Survival
    x: 12504.768340771325
    y: 11.0
    z: 6023.300000011921
    yaw: -296.86096
    pitch: 24.150578
  diamonds:
    world: Survival
    x: 12493.731939957948
    y: 11.0
    z: 6028.50957725515
    yaw: -265.96042
    pitch: 33.30057
  diamonds2:
    world: Survival
    x: 12496.170695350374
    y: 11.0
    z: 6015.719091860947
    yaw: -254.41034
    pitch: -13.199516
  obsidian:
    world: Survival
    x: 12685.5
    y: 11.0
    z: 6008.5
    yaw: -179.39505
    pitch: 33.750877
  oldhome:
    world: Survival
    x: 12685.5
    y: 56.0
    z: 6070.5
    yaw: 176.56012
    pitch: 45.29998
  lemonlimesoda:
    world: Survival
    x: 20990.71874215639
    y: 98.62529431841764
    z: 37865.212022759224
    yaw: 73.65015
    pitch: 50.250214
  obsidian4:
    world: Survival
    x: 12677.5
    y: 11.0
    z: 6083.5
    yaw: 62.90454
    pitch: 32.700043
godmode: false
powertools:
  '290':
  - /undo
  '403':
  - summon minecraft:zombie
  '19':
  - npc select
  '18':
  - npc remove
  '41':
  - execute @a ~ ~ ~ playsound minecraft:music.end music @a
  '295':
  - summon sheep
  '49':
  - minecraft:effect @e[type=squid] minecraft:glowing 1000000
  '397':
  - v
  '276':
  - heal
socialspy: true
powertoolsenabled: true
