lastAccountName: TumbleGamer
timestamps:
  login: 1524325026313
  logout: 1524327327461
  lastteleport: 1524326527589
  kits:
    diamond: 1523146596652
    firework: 1523065527412
    color: 1524325833656
    starter: 1524307556588
    claim: 1523198955370
    iron: 1522876717238
    notch: 1523065029218
    dtools: 1522716798006
    portal: 1522804655541
    tools: 1522876520389
    vote: 1522716746555
    serverstart: 1524307569735
  command-cooldowns:
  - pattern: .*( .*)?
    expiry: 1524310727893
ipAddress: 82.44.12.229
lastlocation:
  world: Creative
  x: -116.43065968021529
  y: 78.84915078116384
  z: -52.895709346551406
  yaw: -116.84961
  pitch: 17.849997
logoutlocation:
  world: Survival
  x: -12.895862963913327
  y: 99.73998567232137
  z: 498.6760313593151
  yaw: -95.28186
  pitch: 77.099945
afk: false
money: '-9912.0'
geolocation: United Kingdom
homes:
  home:
    world: Survival
    x: 48007.104351059555
    y: 68.0
    z: 11904.626374320938
    yaw: -96.746445
    pitch: 66.1501
godmode: false
powertools:
  '95':
  - strike DrBatmanWho
