lastAccountName: TumbleGamer
timestamps:
  login: 1525888243678
  logout: 1525888141414
  lastteleport: 1525814659522
  kits:
    diamond: 1525727739596
    firework: 1523065527412
    color: 1524325833656
    starter: 1525106263797
    claim: 1525131919271
    iron: 1524672791574
    notch: 1523065029218
    dtools: 1522716798006
    portal: 1522804655541
    tools: 1522876520389
    vote: 1522716746555
    serverstart: 1524307569735
  command-cooldowns:
  - pattern: .*( .*)?
    expiry: 1524407728668
ipAddress: 127.0.0.1
lastlocation:
  world: Survival
  x: 20984.11969050541
  y: 70.11717950056854
  z: 37843.60165236934
  yaw: -157.31622
  pitch: 8.550004
logoutlocation:
  world: Survival
  x: 144.5
  y: 70.5
  z: 544.5
  yaw: 89.776596
  pitch: 0.0
afk: false
money: '1966.0'
homes:
  home:
    world: Survival
    x: 12745.5
    y: 69.0
    z: 6051.5
    yaw: -177.58936
    pitch: 22.05003
  mine:
    world: Survival
    x: 12683.931827591874
    y: 10.0
    z: 6023.042599569157
    yaw: 218.7052
    pitch: 24.600605
  mushroomfarm:
    world: Survival
    x: 12704.354387517129
    y: 15.0
    z: 6027.166465341277
    yaw: -92.84532
    pitch: 7.950578
  obsidian2:
    world: Survival
    x: 12541.957305469476
    y: 11.0
    z: 6018.3020478338
    yaw: 89.403564
    pitch: 11.550046
  obsidian3:
    world: Survival
    x: 12504.768340771325
    y: 11.0
    z: 6023.300000011921
    yaw: -296.86096
    pitch: 24.150578
  diamonds:
    world: Survival
    x: 12493.731939957948
    y: 11.0
    z: 6028.50957725515
    yaw: -265.96042
    pitch: 33.30057
  diamonds2:
    world: Survival
    x: 12496.170695350374
    y: 11.0
    z: 6015.719091860947
    yaw: -254.41034
    pitch: -13.199516
  obsidian:
    world: Survival
    x: 12685.5
    y: 11.0
    z: 6008.5
    yaw: -179.39505
    pitch: 33.750877
  oldhome:
    world: Survival
    x: 12685.5
    y: 56.0
    z: 6070.5
    yaw: 176.56012
    pitch: 45.29998
  lemonlimesoda:
    world: Survival
    x: 20990.71874215639
    y: 98.62529431841764
    z: 37865.212022759224
    yaw: 73.65015
    pitch: 50.250214
godmode: false
powertools:
  '294':
  - sudo minitecno summon pig
  '290':
  - /undo
  '403':
  - summon minecraft:zombie
  '2':
  - /replacenear 2 glass air
socialspy: true
powertoolsenabled: true
