lastAccountName: TumbleGamer
timestamps:
  login: 1523636010121
  logout: 1523634309289
  lastteleport: 1523636023184
  kits:
    diamond: 1523146596652
    firework: 1523065527412
    color: 1523066265024
    claim: 1523198955370
    iron: 1522876717238
    notch: 1523065029218
    dtools: 1522716798006
    portal: 1522804655541
    tools: 1522876520389
    vote: 1522716746555
  command-cooldowns:
  - pattern: .*( .*)?
    expiry: 1523492632224
ipAddress: 82.44.12.229
lastlocation:
  world: Creative
  x: -59.4669618131704
  y: 76.21353520401554
  z: -59.29213702044319
  yaw: -69.150024
  pitch: 25.199986
logoutlocation:
  world: Creative
  x: -59.370966791937455
  y: 73.60179283230578
  z: -89.29167017493984
  yaw: -226.05006
  pitch: 25.949993
afk: false
money: '-9937.0'
geolocation: United Kingdom
homes:
  home:
    world: Survival
    x: 48007.104351059555
    y: 68.0
    z: 11904.626374320938
    yaw: -96.746445
    pitch: 66.1501
godmode: false
