lastAccountName: TumbleGamer
timestamps:
  login: 1524599793952
  logout: 1524601387091
  lastteleport: 1524600788167
  kits:
    diamond: 1523146596652
    firework: 1523065527412
    color: 1524325833656
    starter: 1524307556588
    claim: 1523198955370
    iron: 1524602152208
    notch: 1523065029218
    dtools: 1522716798006
    portal: 1522804655541
    tools: 1522876520389
    vote: 1522716746555
    serverstart: 1524307569735
  command-cooldowns:
  - pattern: .*( .*)?
    expiry: 1524407728668
ipAddress: 82.44.12.229
lastlocation:
  world: Survival
  x: 99.31572576113415
  y: 73.97764753778586
  z: 540.275793004811
  yaw: -239.88257
  pitch: 32.549995
logoutlocation:
  world: Survival
  x: 17702.618951932796
  y: 157.7582078960736
  z: 28516.320158438128
  yaw: -334.30078
  pitch: 78.79543
afk: false
money: '-9912.0'
geolocation: United Kingdom
homes:
  home:
    world: Survival
    x: 48007.104351059555
    y: 68.0
    z: 11904.626374320938
    yaw: -96.746445
    pitch: 66.1501
  drbatmanwho:
    world: Survival
    x: 47954.62915829183
    y: 74.0
    z: 11938.67249340259
    yaw: 116.85361
    pitch: 24.75009
godmode: false
powertools:
  '95':
  - strike DrBatmanWho
mail:
- §6[§rJJdaGreat§6] §rThis isnt working; Plot claiming permissions are not working
