lastAccountName: TumbleGamer
timestamps:
  login: 1524404985835
  logout: 1524405013552
  lastteleport: 1524347949854
  kits:
    diamond: 1523146596652
    firework: 1523065527412
    color: 1524325833656
    starter: 1524307556588
    claim: 1523198955370
    iron: 1522876717238
    notch: 1523065029218
    dtools: 1522716798006
    portal: 1522804655541
    tools: 1522876520389
    vote: 1522716746555
    serverstart: 1524307569735
  command-cooldowns:
  - pattern: .*( .*)?
    expiry: 1524404424363
ipAddress: 82.44.12.229
lastlocation:
  world: Staff
  x: 1824.110396227982
  y: 55.998934560975364
  z: -743.5383850681241
  yaw: 270.7525
  pitch: 15.149976
logoutlocation:
  world: Creative
  x: -55.82306290609439
  y: 75.37879196008616
  z: -68.57380402326524
  yaw: 195.15016
  pitch: 60.60002
afk: false
money: '-9912.0'
geolocation: United Kingdom
homes:
  home:
    world: Survival
    x: 48007.104351059555
    y: 68.0
    z: 11904.626374320938
    yaw: -96.746445
    pitch: 66.1501
  drbatmanwho:
    world: Survival
    x: 47954.62915829183
    y: 74.0
    z: 11938.67249340259
    yaw: 116.85361
    pitch: 24.75009
godmode: false
powertools:
  '95':
  - strike DrBatmanWho
mail:
- §6[§rJJdaGreat§6] §rThis isnt working; Plot claiming permissions are not working
