lastAccountName: TumbleGamer
timestamps:
  login: 1524672538495
  logout: 1524672498123
  lastteleport: 1524670299986
  kits:
    diamond: 1524670535832
    firework: 1523065527412
    color: 1524325833656
    starter: 1524669015067
    claim: 1523198955370
    iron: 1524602152208
    notch: 1523065029218
    dtools: 1522716798006
    portal: 1522804655541
    tools: 1522876520389
    vote: 1522716746555
    serverstart: 1524307569735
  command-cooldowns:
  - pattern: .*( .*)?
    expiry: 1524407728668
ipAddress: 82.44.12.229
lastlocation:
  world: Survival
  x: 35571.02449392956
  y: 62.9375
  z: 32917.52123907507
  yaw: 263.166
  pitch: 18.772017
logoutlocation:
  world: Survival
  x: 30752.329905505372
  y: 69.0
  z: 35981.822122271056
  yaw: -150.21729
  pitch: -13.513632
afk: false
money: '-9912.0'
geolocation: United Kingdom
homes:
  home:
    world: Survival
    x: 48007.104351059555
    y: 68.0
    z: 11904.626374320938
    yaw: -96.746445
    pitch: 66.1501
  drbatmanwho:
    world: Survival
    x: 47954.62915829183
    y: 74.0
    z: 11938.67249340259
    yaw: 116.85361
    pitch: 24.75009
  reward:
    world: Survival
    x: 28942.187752797396
    y: 12.019194688233387
    z: 47455.357140018685
    yaw: -79.05884
    pitch: 49.049946
godmode: false
powertools:
  '95':
  - strike DrBatmanWho
socialspy: true
