lastAccountName: TumbleGamer
timestamps:
  login: 1525174313209
  logout: 1525171222585
  lastteleport: 1525131268331
  kits:
    diamond: 1525033658623
    firework: 1523065527412
    color: 1524325833656
    starter: 1525106263797
    claim: 1525131919271
    iron: 1524672791574
    notch: 1523065029218
    dtools: 1522716798006
    portal: 1522804655541
    tools: 1522876520389
    vote: 1522716746555
    serverstart: 1524307569735
  command-cooldowns:
  - pattern: .*( .*)?
    expiry: 1524407728668
ipAddress: 127.0.0.1
lastlocation:
  world: Survival
  x: 12495.689169882698
  y: 11.0
  z: 6014.807643877464
  yaw: -252.91003
  pitch: 6.1505585
logoutlocation:
  world: Survival
  x: 12685.050298571621
  y: 57.0
  z: 6084.681591889785
  yaw: -257.6538
  pitch: -21.00023
afk: false
money: '1966.0'
homes:
  home:
    world: Survival
    x: 12685.63279766139
    y: 56.0
    z: 6070.887764177682
    yaw: 172.20482
    pitch: 30.450544
  mine:
    world: Survival
    x: 12683.931827591874
    y: 10.0
    z: 6023.042599569157
    yaw: 218.7052
    pitch: 24.600605
  mushroomfarm:
    world: Survival
    x: 12704.354387517129
    y: 15.0
    z: 6027.166465341277
    yaw: -92.84532
    pitch: 7.950578
  obsidian2:
    world: Survival
    x: 12541.957305469476
    y: 11.0
    z: 6018.3020478338
    yaw: 89.403564
    pitch: 11.550046
  obsidian3:
    world: Survival
    x: 12504.768340771325
    y: 11.0
    z: 6023.300000011921
    yaw: -296.86096
    pitch: 24.150578
  diamonds:
    world: Survival
    x: 12493.731939957948
    y: 11.0
    z: 6028.50957725515
    yaw: -265.96042
    pitch: 33.30057
  diamonds2:
    world: Survival
    x: 12496.170695350374
    y: 11.0
    z: 6015.719091860947
    yaw: -254.41034
    pitch: -13.199516
  obsidian:
    world: Survival
    x: 12685.5
    y: 11.0
    z: 6008.5
    yaw: -179.39505
    pitch: 33.750877
godmode: true
powertools:
  '95':
  - strike DrBatmanWho
  '294':
  - sudo minitecno summon pig
  '290':
  - /undo
  '403':
  - summon minecraft:zombie
socialspy: true
powertoolsenabled: true
