lastAccountName: TumbleGamer
timestamps:
  login: 1523559750648
  logout: 1523560100207
  lastteleport: 1523558608124
  kits:
    diamond: 1523146596652
    firework: 1523065527412
    color: 1523066265024
    claim: 1523198955370
    iron: 1522876717238
    notch: 1523065029218
    dtools: 1522716798006
    portal: 1522804655541
    tools: 1522876520389
    vote: 1522716746555
  command-cooldowns:
  - pattern: .*( .*)?
    expiry: 1523492632224
ipAddress: 82.44.12.229
lastlocation:
  world: Creative
  x: -59.85121839231156
  y: 71.24982337951607
  z: -67.45892318719855
  yaw: -227.70038
  pitch: 24.450014
logoutlocation:
  world: Survival
  x: 127.28234742362761
  y: 70.0
  z: 559.0448105688215
  yaw: -18.750053
  pitch: 4.7999897
afk: false
money: '-9937.0'
geolocation: United Kingdom
homes:
  home:
    world: Survival
    x: 48007.104351059555
    y: 68.0
    z: 11904.626374320938
    yaw: -96.746445
    pitch: 66.1501
godmode: false
