lastAccountName: TumbleGamer
timestamps:
  login: 1523554524139
  logout: 1523551803580
  lastteleport: 1523554646244
  kits:
    diamond: 1523146596652
    firework: 1523065527412
    color: 1523066265024
    claim: 1523198955370
    iron: 1522876717238
    notch: 1523065029218
    dtools: 1522716798006
    portal: 1522804655541
    tools: 1522876520389
    vote: 1522716746555
  command-cooldowns:
  - pattern: .*( .*)?
    expiry: 1523492632224
ipAddress: 82.44.12.229
lastlocation:
  world: Staff
  x: 1837.167743455362
  y: 55.0
  z: -743.219035688036
  yaw: -338.09717
  pitch: 41.99999
logoutlocation:
  world: Survival
  x: 125.1845808397607
  y: 88.0
  z: 618.6489140986697
  yaw: -119.063995
  pitch: 9.150038
afk: false
money: '-9937.0'
geolocation: United Kingdom
homes:
  home:
    world: Survival
    x: 48007.104351059555
    y: 68.0
    z: 11904.626374320938
    yaw: -96.746445
    pitch: 66.1501
godmode: false
mail:
- §6[§rMaxwell_Plays§6] §rThis isnt working; LOL
- §6[§rMaxwell_Plays§6] §rThis isnt working; HIII
