lastAccountName: TumbleGamer
timestamps:
  login: 1523997033069
  logout: 1524000817114
  lastteleport: 1524000722369
  kits:
    diamond: 1523146596652
    firework: 1523065527412
    color: 1523066265024
    claim: 1523198955370
    iron: 1522876717238
    notch: 1523065029218
    dtools: 1522716798006
    portal: 1522804655541
    tools: 1522876520389
    vote: 1522716746555
  command-cooldowns:
  - pattern: .*( .*)?
    expiry: 1523655413818
ipAddress: 82.44.12.229
lastlocation:
  world: Staff
  x: 1861.4939852373413
  y: 56.74290936460472
  z: -742.9892224044358
  yaw: -90.74076
  pitch: 17.699951
logoutlocation:
  world: Survival
  x: 139.30000001192093
  y: 71.0
  z: 543.1435219494681
  yaw: -85.499725
  pitch: 1.6500013
afk: false
money: '-9937.0'
geolocation: United Kingdom
homes:
  home:
    world: Survival
    x: 48007.104351059555
    y: 68.0
    z: 11904.626374320938
    yaw: -96.746445
    pitch: 66.1501
godmode: true
