lastAccountName: TumbleGamer
timestamps:
  login: 1524162329156
  logout: 1524164005403
  lastteleport: 1524091606757
  kits:
    diamond: 1523146596652
    firework: 1523065527412
    color: 1523066265024
    claim: 1523198955370
    iron: 1522876717238
    notch: 1523065029218
    dtools: 1522716798006
    portal: 1522804655541
    tools: 1522876520389
    vote: 1522716746555
  command-cooldowns:
  - pattern: .*( .*)?
    expiry: 1524087028720
ipAddress: 82.44.12.229
lastlocation:
  world: Survival
  x: 109.22632746452192
  y: 87.15808714833544
  z: 563.5739133777084
  yaw: -116.4093
  pitch: 84.45
logoutlocation:
  world: Survival
  x: 135.23584262798758
  y: 75.86264891041547
  z: 532.550533864969
  yaw: -256.35748
  pitch: 8.249979
afk: false
money: '-9912.0'
geolocation: United Kingdom
homes:
  home:
    world: Survival
    x: 48007.104351059555
    y: 68.0
    z: 11904.626374320938
    yaw: -96.746445
    pitch: 66.1501
godmode: false
