lastAccountName: TumbleGamer
timestamps:
  login: 1524952983925
  logout: 1524946168333
  lastteleport: 1524953000020
  kits:
    diamond: 1524784419478
    firework: 1523065527412
    color: 1524325833656
    starter: 1524672797873
    claim: 1523198955370
    iron: 1524672791574
    notch: 1523065029218
    dtools: 1522716798006
    portal: 1522804655541
    tools: 1522876520389
    vote: 1522716746555
    serverstart: 1524307569735
  command-cooldowns:
  - pattern: .*( .*)?
    expiry: 1524407728668
ipAddress: 127.0.0.1
lastlocation:
  world: Survival
  x: 48007.5
  y: 68.0
  z: 11904.5
  yaw: -122.54643
  pitch: 39.300102
logoutlocation:
  world: Survival
  x: 88.82676315347202
  y: 76.89194458227085
  z: 537.2235021410212
  yaw: 134.22125
  pitch: 8.099945
afk: false
money: '-9912.0'
homes:
  home:
    world: Survival
    x: 48007.104351059555
    y: 68.0
    z: 11904.626374320938
    yaw: -96.746445
    pitch: 66.1501
  reward:
    world: Survival
    x: 28942.187752797396
    y: 12.019194688233387
    z: 47455.357140018685
    yaw: -79.05884
    pitch: 49.049946
godmode: true
powertools:
  '95':
  - strike DrBatmanWho
socialspy: true
