lastAccountName: TumbleGamer
timestamps:
  login: 1523471165622
  logout: 1523471128280
  lastteleport: 1523470880689
  kits:
    diamond: 1523146596652
    firework: 1523065527412
    color: 1523066265024
    claim: 1523198955370
    iron: 1522876717238
    notch: 1523065029218
    dtools: 1522716798006
    portal: 1522804655541
    tools: 1522876520389
    vote: 1522716746555
  command-cooldowns:
  - pattern: .*( .*)?
    expiry: 1523204320702
ipAddress: 82.44.12.229
lastlocation:
  world: Creative
  x: 286.46932084399964
  y: 73.52268024089935
  z: 119.76009720837165
  yaw: -188.85005
  pitch: 18.6
logoutlocation:
  world: Creative
  x: -152.07709888461872
  y: 66.78332111059524
  z: 22.64298498936087
  yaw: -183.89984
  pitch: 34.199993
afk: false
money: '-9937.0'
geolocation: United Kingdom
homes:
  home:
    world: Survival
    x: 48007.104351059555
    y: 68.0
    z: 11904.626374320938
    yaw: -96.746445
    pitch: 66.1501
godmode: false
