lastAccountName: TumbleGamer
timestamps:
  login: 1524822572957
  logout: 1524784782589
  lastteleport: 1524784388957
  kits:
    diamond: 1524784419478
    firework: 1523065527412
    color: 1524325833656
    starter: 1524672797873
    claim: 1523198955370
    iron: 1524672791574
    notch: 1523065029218
    dtools: 1522716798006
    portal: 1522804655541
    tools: 1522876520389
    vote: 1522716746555
    serverstart: 1524307569735
  command-cooldowns:
  - pattern: .*( .*)?
    expiry: 1524407728668
ipAddress: 82.44.12.229
lastlocation:
  world: Survival
  x: 37757.13448725499
  y: 69.00133597911214
  z: 40312.93214562266
  yaw: -25.81044
  pitch: 18.899996
logoutlocation:
  world: Survival
  x: 47937.77202686577
  y: 63.0
  z: 12102.652620996136
  yaw: -208.94325
  pitch: 11.250112
afk: false
money: '-9912.0'
geolocation: United Kingdom
homes:
  home:
    world: Survival
    x: 48007.104351059555
    y: 68.0
    z: 11904.626374320938
    yaw: -96.746445
    pitch: 66.1501
  drbatmanwho:
    world: Survival
    x: 47954.62915829183
    y: 74.0
    z: 11938.67249340259
    yaw: 116.85361
    pitch: 24.75009
  reward:
    world: Survival
    x: 28942.187752797396
    y: 12.019194688233387
    z: 47455.357140018685
    yaw: -79.05884
    pitch: 49.049946
godmode: true
powertools:
  '95':
  - strike DrBatmanWho
socialspy: true
