lastAccountName: TumbleGamer
timestamps:
  login: 1524161069825
  logout: 1524161924414
  lastteleport: 1524091606757
  kits:
    diamond: 1523146596652
    firework: 1523065527412
    color: 1523066265024
    claim: 1523198955370
    iron: 1522876717238
    notch: 1523065029218
    dtools: 1522716798006
    portal: 1522804655541
    tools: 1522876520389
    vote: 1522716746555
  command-cooldowns:
  - pattern: .*( .*)?
    expiry: 1524087028720
ipAddress: 82.44.12.229
lastlocation:
  world: Creative
  x: -67.34933534619935
  y: 70.11066654760364
  z: -37.480094108181845
  yaw: 199.05006
  pitch: 30.900019
logoutlocation:
  world: Survival
  x: 124.64950047619307
  y: 70.0
  z: 523.465995829168
  yaw: -3.1530762
  pitch: 7.9499354
afk: false
money: '-9912.0'
geolocation: United Kingdom
homes:
  home:
    world: Survival
    x: 48007.104351059555
    y: 68.0
    z: 11904.626374320938
    yaw: -96.746445
    pitch: 66.1501
godmode: false
