lastAccountName: TumbleGamer
timestamps:
  login: 1524305953131
  logout: 1524308522521
  lastteleport: 1524252291753
  kits:
    diamond: 1523146596652
    firework: 1523065527412
    color: 1523066265024
    starter: 1524307556588
    claim: 1523198955370
    iron: 1522876717238
    notch: 1523065029218
    dtools: 1522716798006
    portal: 1522804655541
    tools: 1522876520389
    vote: 1522716746555
    serverstart: 1524307569735
  command-cooldowns:
  - pattern: .*( .*)?
    expiry: 1524087028720
ipAddress: 82.44.12.229
lastlocation:
  world: Survival
  x: 129.69243867004766
  y: 76.0
  z: 546.7822115964262
  yaw: 151.95009
  pitch: 20.699991
logoutlocation:
  world: Survival
  x: 120.39794819415036
  y: 72.83155338864904
  z: 558.7701217377058
  yaw: 127.200424
  pitch: 26.250048
afk: false
money: '-9912.0'
geolocation: United Kingdom
homes:
  home:
    world: Survival
    x: 48007.104351059555
    y: 68.0
    z: 11904.626374320938
    yaw: -96.746445
    pitch: 66.1501
godmode: false
