lastAccountName: TumbleGamer
timestamps:
  login: 1524311662552
  logout: 1524311866777
  lastteleport: 1524310514337
  kits:
    diamond: 1523146596652
    firework: 1523065527412
    color: 1523066265024
    starter: 1524307556588
    claim: 1523198955370
    iron: 1522876717238
    notch: 1523065029218
    dtools: 1522716798006
    portal: 1522804655541
    tools: 1522876520389
    vote: 1522716746555
    serverstart: 1524307569735
  command-cooldowns:
  - pattern: .*( .*)?
    expiry: 1524310727893
ipAddress: 82.44.12.229
lastlocation:
  world: Survival
  x: 1492.0544681098324
  y: 80.24217729091177
  z: 49584.566851354
  yaw: -271.26157
  pitch: 29.70001
logoutlocation:
  world: Survival
  x: 130.40515162948915
  y: 78.8681430633933
  z: 546.902057049257
  yaw: -98.85016
  pitch: 20.550055
afk: false
money: '-9912.0'
geolocation: United Kingdom
homes:
  home:
    world: Survival
    x: 48007.104351059555
    y: 68.0
    z: 11904.626374320938
    yaw: -96.746445
    pitch: 66.1501
godmode: false
powertools:
  '95':
  - strike DrBatmanWho
