lastAccountName: TumbleGamer
timestamps:
  login: 1523638102049
  logout: 1523638106888
  lastteleport: 1523636023184
  kits:
    diamond: 1523146596652
    firework: 1523065527412
    color: 1523066265024
    claim: 1523198955370
    iron: 1522876717238
    notch: 1523065029218
    dtools: 1522716798006
    portal: 1522804655541
    tools: 1522876520389
    vote: 1522716746555
  command-cooldowns:
  - pattern: .*( .*)?
    expiry: 1523638075985
ipAddress: 82.44.12.229
lastlocation:
  world: Creative
  x: -59.4669618131704
  y: 76.21353520401554
  z: -59.29213702044319
  yaw: -69.150024
  pitch: 25.199986
logoutlocation:
  world: Survival
  x: 131.7126017635438
  y: 75.49977598919051
  z: 560.9326844073618
  yaw: -145.34998
  pitch: 46.650005
afk: false
money: '-9937.0'
geolocation: United Kingdom
homes:
  home:
    world: Survival
    x: 48007.104351059555
    y: 68.0
    z: 11904.626374320938
    yaw: -96.746445
    pitch: 66.1501
godmode: true
