lastAccountName: TumbleGamer
timestamps:
  login: 1524672702890
  logout: 1524672696972
  lastteleport: 1524672851366
  kits:
    diamond: 1524670535832
    firework: 1523065527412
    color: 1524325833656
    starter: 1524672797873
    claim: 1523198955370
    iron: 1524672791574
    notch: 1523065029218
    dtools: 1522716798006
    portal: 1522804655541
    tools: 1522876520389
    vote: 1522716746555
    serverstart: 1524307569735
  command-cooldowns:
  - pattern: .*( .*)?
    expiry: 1524407728668
ipAddress: 82.44.12.229
lastlocation:
  world: Survival
  x: 156.5842043160402
  y: 70.0
  z: 542.7976825363493
  yaw: -147.18222
  pitch: 12.75005
logoutlocation:
  world: Survival
  x: 30818.101319862904
  y: 66.0
  z: 35984.30000001192
  yaw: 185.83362
  pitch: 15.436308
afk: false
money: '-9912.0'
geolocation: United Kingdom
homes:
  home:
    world: Survival
    x: 48007.104351059555
    y: 68.0
    z: 11904.626374320938
    yaw: -96.746445
    pitch: 66.1501
  drbatmanwho:
    world: Survival
    x: 47954.62915829183
    y: 74.0
    z: 11938.67249340259
    yaw: 116.85361
    pitch: 24.75009
  reward:
    world: Survival
    x: 28942.187752797396
    y: 12.019194688233387
    z: 47455.357140018685
    yaw: -79.05884
    pitch: 49.049946
godmode: false
powertools:
  '95':
  - strike DrBatmanWho
socialspy: true
