lastAccountName: TumbleGamer
timestamps:
  login: 1523492784735
  logout: 1523494421435
  lastteleport: 1523494284123
  kits:
    diamond: 1523146596652
    firework: 1523065527412
    color: 1523066265024
    claim: 1523198955370
    iron: 1522876717238
    notch: 1523065029218
    dtools: 1522716798006
    portal: 1522804655541
    tools: 1522876520389
    vote: 1522716746555
  command-cooldowns:
  - pattern: .*( .*)?
    expiry: 1523492632224
ipAddress: 82.44.12.229
lastlocation:
  world: Survival
  x: 130.13607724271452
  y: 70.27548944672041
  z: 558.5009185215835
  yaw: 48.060333
  pitch: 30.78006
logoutlocation:
  world: Staff
  x: 1835.5961407490693
  y: 55.74349290910651
  z: -739.6551814484512
  yaw: -7.3313293
  pitch: 22.606106
afk: false
money: '-9937.0'
geolocation: United Kingdom
homes:
  home:
    world: Survival
    x: 48007.104351059555
    y: 68.0
    z: 11904.626374320938
    yaw: -96.746445
    pitch: 66.1501
godmode: false
mail:
- §6[§rMaxwell_Plays§6] §rThis isnt working; LOL
- §6[§rMaxwell_Plays§6] §rThis isnt working; HIII
