lastAccountName: TumbleGamer
timestamps:
  login: 1523632332978
  logout: 1523632402869
  lastteleport: 1523573541993
  kits:
    diamond: 1523146596652
    firework: 1523065527412
    color: 1523066265024
    claim: 1523198955370
    iron: 1522876717238
    notch: 1523065029218
    dtools: 1522716798006
    portal: 1522804655541
    tools: 1522876520389
    vote: 1522716746555
  command-cooldowns:
  - pattern: .*( .*)?
    expiry: 1523492632224
ipAddress: 82.44.12.229
lastlocation:
  world: Survival
  x: -24.39221693391713
  y: 99.74644638609112
  z: 545.7530010421924
  yaw: -301.19818
  pitch: 2.1000328
logoutlocation:
  world: Survival
  x: 145.298119611353
  y: 75.82622073154275
  z: 548.7684403343087
  yaw: 113.24946
  pitch: 25.950043
afk: false
money: '-9937.0'
geolocation: United Kingdom
homes:
  home:
    world: Survival
    x: 48007.104351059555
    y: 68.0
    z: 11904.626374320938
    yaw: -96.746445
    pitch: 66.1501
godmode: false
