lastAccountName: TumbleGamer
timestamps:
  login: 1523470356006
  logout: 1523221815168
  lastteleport: 1523470867123
  kits:
    diamond: 1523146596652
    firework: 1523065527412
    color: 1523066265024
    claim: 1523198955370
    iron: 1522876717238
    notch: 1523065029218
    dtools: 1522716798006
    portal: 1522804655541
    tools: 1522876520389
    vote: 1522716746555
  command-cooldowns:
  - pattern: .*( .*)?
    expiry: 1523204320702
ipAddress: 82.44.12.229
lastlocation:
  world: Staff
  x: 1838.3349822537116
  y: 56.0
  z: -743.304761690552
  yaw: 271.0536
  pitch: 21.149952
logoutlocation:
  world: Survival
  x: 128.61921405380596
  y: 75.06027038402462
  z: 535.2477070758899
  yaw: -222.1499
  pitch: 35.99997
afk: false
money: '-9937.0'
geolocation: United Kingdom
homes:
  home:
    world: Survival
    x: 48007.104351059555
    y: 68.0
    z: 11904.626374320938
    yaw: -96.746445
    pitch: 66.1501
godmode: false
