lastAccountName: TumbleGamer
timestamps:
  login: 1524086887071
  logout: 1524086719667
  lastteleport: 1524087627300
  kits:
    diamond: 1523146596652
    firework: 1523065527412
    color: 1523066265024
    claim: 1523198955370
    iron: 1522876717238
    notch: 1523065029218
    dtools: 1522716798006
    portal: 1522804655541
    tools: 1522876520389
    vote: 1522716746555
  command-cooldowns:
  - pattern: .*( .*)?
    expiry: 1524087028720
ipAddress: 82.44.12.229
lastlocation:
  world: Survival
  x: 126.53991895360001
  y: 76.0
  z: 547.4318482391363
  yaw: 92.25002
  pitch: 19.200014
logoutlocation:
  world: Survival
  x: 131.5871186873028
  y: 76.0
  z: 545.2831674965265
  yaw: 110.84888
  pitch: 8.700019
afk: false
money: '-9937.0'
geolocation: United Kingdom
homes:
  home:
    world: Survival
    x: 48007.104351059555
    y: 68.0
    z: 11904.626374320938
    yaw: -96.746445
    pitch: 66.1501
godmode: false
