lastAccountName: TumbleGamer
timestamps:
  login: 1525125533506
  logout: 1525125506630
  lastteleport: 1525124258094
  kits:
    diamond: 1525033658623
    firework: 1523065527412
    color: 1524325833656
    starter: 1525106263797
    claim: 1525109530087
    iron: 1524672791574
    notch: 1523065029218
    dtools: 1522716798006
    portal: 1522804655541
    tools: 1522876520389
    vote: 1522716746555
    serverstart: 1524307569735
  command-cooldowns:
  - pattern: .*( .*)?
    expiry: 1524407728668
ipAddress: 127.0.0.1
lastlocation:
  world: Survival
  x: 126.44604462986273
  y: 81.33716955987981
  z: 608.2688876047068
  yaw: 177.22522
  pitch: 20.250057
logoutlocation:
  world: Survival
  x: 12614.300000011921
  y: 11.0
  z: 6018.482289019972
  yaw: 269.25476
  pitch: 28.950663
afk: false
money: '100'
homes:
  home:
    world: Survival
    x: 12685.63279766139
    y: 56.0
    z: 6070.887764177682
    yaw: 172.20482
    pitch: 30.450544
  mine:
    world: Survival
    x: 12683.931827591874
    y: 10.0
    z: 6023.042599569157
    yaw: 218.7052
    pitch: 24.600605
  obsidien:
    world: Survival
    x: 12685.699999988079
    y: 11.0
    z: 6008.916438573579
    yaw: -179.39505
    pitch: 33.750877
  mushroomfarm:
    world: Survival
    x: 12704.354387517129
    y: 15.0
    z: 6027.166465341277
    yaw: -92.84532
    pitch: 7.950578
  obsidian2:
    world: Survival
    x: 12541.957305469476
    y: 11.0
    z: 6018.3020478338
    yaw: 89.403564
    pitch: 11.550046
godmode: false
powertools:
  '95':
  - strike DrBatmanWho
  '294':
  - sudo minitecno summon pig
  '290':
  - /undo
socialspy: true
powertoolsenabled: false
