lastAccountName: TumbleGamer
timestamps:
  login: 1524780165317
  logout: 1524780446489
  lastteleport: 1524779339873
  kits:
    diamond: 1524777703351
    firework: 1523065527412
    color: 1524325833656
    starter: 1524672797873
    claim: 1523198955370
    iron: 1524672791574
    notch: 1523065029218
    dtools: 1522716798006
    portal: 1522804655541
    tools: 1522876520389
    vote: 1522716746555
    serverstart: 1524307569735
  command-cooldowns:
  - pattern: .*( .*)?
    expiry: 1524407728668
ipAddress: 82.44.12.229
lastlocation:
  world: Survival
  x: 47994.08106362524
  y: 67.0
  z: 11988.755537832694
  yaw: 0.19729555
  pitch: 12.73454
logoutlocation:
  world: Survival
  x: 47963.43748050732
  y: 69.0
  z: 12089.186877285409
  yaw: -200.66125
  pitch: 21.60008
afk: false
money: '-9912.0'
geolocation: United Kingdom
homes:
  home:
    world: Survival
    x: 48007.104351059555
    y: 68.0
    z: 11904.626374320938
    yaw: -96.746445
    pitch: 66.1501
  drbatmanwho:
    world: Survival
    x: 47954.62915829183
    y: 74.0
    z: 11938.67249340259
    yaw: 116.85361
    pitch: 24.75009
  reward:
    world: Survival
    x: 28942.187752797396
    y: 12.019194688233387
    z: 47455.357140018685
    yaw: -79.05884
    pitch: 49.049946
godmode: false
powertools:
  '95':
  - strike DrBatmanWho
socialspy: true
