lastAccountName: TumbleGamer
timestamps:
  login: 1523551340326
  logout: 1523550277062
  lastteleport: 1523551491334
  kits:
    diamond: 1523146596652
    firework: 1523065527412
    color: 1523066265024
    claim: 1523198955370
    iron: 1522876717238
    notch: 1523065029218
    dtools: 1522716798006
    portal: 1522804655541
    tools: 1522876520389
    vote: 1522716746555
  command-cooldowns:
  - pattern: .*( .*)?
    expiry: 1523492632224
ipAddress: 82.44.12.229
lastlocation:
  world: Staff
  x: 1836.4560789200925
  y: 55.0
  z: -742.7968589490963
  yaw: -8.36438
  pitch: 54.027744
logoutlocation:
  world: Staff
  x: 1836.5667975380836
  y: 56.91694667718655
  z: -741.8891539314382
  yaw: 1.2357911
  pitch: 2.8777575
afk: false
money: '-9937.0'
geolocation: United Kingdom
homes:
  home:
    world: Survival
    x: 48007.104351059555
    y: 68.0
    z: 11904.626374320938
    yaw: -96.746445
    pitch: 66.1501
godmode: false
mail:
- §6[§rMaxwell_Plays§6] §rThis isnt working; LOL
- §6[§rMaxwell_Plays§6] §rThis isnt working; HIII
