lastAccountName: TumbleGamer
timestamps:
  login: 1523904102366
  logout: 1523905650013
  lastteleport: 1523904130519
  kits:
    diamond: 1523146596652
    firework: 1523065527412
    color: 1523066265024
    claim: 1523198955370
    iron: 1522876717238
    notch: 1523065029218
    dtools: 1522716798006
    portal: 1522804655541
    tools: 1522876520389
    vote: 1522716746555
  command-cooldowns:
  - pattern: .*( .*)?
    expiry: 1523655413818
ipAddress: 82.44.12.229
lastlocation:
  world: Survival
  x: 128.79566603028402
  y: 78.48087186266969
  z: 547.2231667260456
  yaw: -119.55017
  pitch: 22.799938
logoutlocation:
  world: Staff
  x: 1831.8857815373012
  y: 59.200000047683716
  z: -747.315537970678
  yaw: 319.05933
  pitch: 40.79994
afk: false
money: '-9937.0'
geolocation: United Kingdom
homes:
  home:
    world: Survival
    x: 48007.104351059555
    y: 68.0
    z: 11904.626374320938
    yaw: -96.746445
    pitch: 66.1501
godmode: true
