lastAccountName: TumbleGamer
timestamps:
  login: 1525119026233
  logout: 1525123117126
  lastteleport: 1525119784543
  kits:
    diamond: 1525033658623
    firework: 1523065527412
    color: 1524325833656
    starter: 1525106263797
    claim: 1525109530087
    iron: 1524672791574
    notch: 1523065029218
    dtools: 1522716798006
    portal: 1522804655541
    tools: 1522876520389
    vote: 1522716746555
    serverstart: 1524307569735
  command-cooldowns:
  - pattern: .*( .*)?
    expiry: 1524407728668
ipAddress: 127.0.0.1
lastlocation:
  world: Survival
  x: 12685.332936444818
  y: 56.0
  z: 6070.740444031836
  yaw: 215.40332
  pitch: 38.249466
logoutlocation:
  world: Survival
  x: 12658.772222496542
  y: 11.0
  z: 6018.435848312096
  yaw: 92.78665
  pitch: 7.468286
afk: false
money: '100'
homes:
  home:
    world: Survival
    x: 12685.63279766139
    y: 56.0
    z: 6070.887764177682
    yaw: 172.20482
    pitch: 30.450544
  mine:
    world: Survival
    x: 12683.931827591874
    y: 10.0
    z: 6023.042599569157
    yaw: 218.7052
    pitch: 24.600605
  obsidien:
    world: Survival
    x: 12685.699999988079
    y: 11.0
    z: 6008.916438573579
    yaw: -179.39505
    pitch: 33.750877
godmode: false
powertools:
  '95':
  - strike DrBatmanWho
  '294':
  - sudo minitecno summon pig
  '290':
  - /undo
socialspy: true
powertoolsenabled: false
