lastAccountName: TumbleGamer
timestamps:
  login: 1524612556255
  logout: 1524612655319
  lastteleport: 1524604213461
  kits:
    diamond: 1523146596652
    firework: 1523065527412
    color: 1524325833656
    starter: 1524307556588
    claim: 1523198955370
    iron: 1524602152208
    notch: 1523065029218
    dtools: 1522716798006
    portal: 1522804655541
    tools: 1522876520389
    vote: 1522716746555
    serverstart: 1524307569735
  command-cooldowns:
  - pattern: .*( .*)?
    expiry: 1524407728668
ipAddress: 82.44.12.229
lastlocation:
  world: Survival
  x: 30714.793436353117
  y: 63.9941476351734
  z: 35973.678652189024
  yaw: -185.19165
  pitch: 6.0000033
logoutlocation:
  world: Survival
  x: 30897.625907731166
  y: 83.76400212777592
  z: 37932.430550250065
  yaw: -251.9522
  pitch: 35.999928
afk: false
money: '-9912.0'
geolocation: United Kingdom
homes:
  home:
    world: Survival
    x: 48007.104351059555
    y: 68.0
    z: 11904.626374320938
    yaw: -96.746445
    pitch: 66.1501
  drbatmanwho:
    world: Survival
    x: 47954.62915829183
    y: 74.0
    z: 11938.67249340259
    yaw: 116.85361
    pitch: 24.75009
  reward:
    world: Survival
    x: 28942.187752797396
    y: 12.019194688233387
    z: 47455.357140018685
    yaw: -79.05884
    pitch: 49.049946
godmode: false
powertools:
  '95':
  - strike DrBatmanWho
socialspy: true
