lastAccountName: TumbleGamer
timestamps:
  login: 1522756188603
  lastteleport: 1522755311005
  logout: 1522756787581
ipAddress: 127.0.0.1
lastlocation:
  world: survival
  x: 128.36384336365035
  y: 70.0
  z: 543.5004858634574
  yaw: 115.94894
  pitch: 15.150038
logoutlocation:
  world: survival
  x: -23.042585744732698
  y: 67.62413531150838
  z: 562.1263700162776
  yaw: 93.44911
  pitch: 59.399975
