lastAccountName: FastSnailz
timestamps:
  login: 1531606244157
  lastteleport: 1531607551609
  logout: 1531607931672
ipAddress: 91.125.200.112
lastlocation:
  world: Survival
  x: 28.40869390705688
  y: 3.0
  z: -70.3645107870374
  yaw: 270.9936
  pitch: 8.598021
logoutlocation:
  world: Survival
  x: -93.5
  y: 76.0
  z: -103.98976210549824
  yaw: 124.64668
  pitch: 40.08032
