lastAccountName: PapaTranSenpai
timestamps:
  login: 1528618826899
  logout: 1528618959728
ipAddress: 175.100.39.180
lastlocation:
  world: Survival
  x: 128.0
  y: 76.0
  z: 544.0
  yaw: 0.0
  pitch: 0.0
logoutlocation:
  world: Survival
  x: 127.32375829604007
  y: 76.0
  z: 545.8759845777913
  yaw: 295.32938
  pitch: 26.355207
