lastAccountName: jacob50505
timestamps:
  login: 1526899239613
  logout: 1526899425946
ipAddress: 80.62.116.87
lastlocation:
  world: Survival
  x: 128.0
  y: 76.0
  z: 544.0
  yaw: 0.0
  pitch: 0.0
logoutlocation:
  world: Survival
  x: 127.4292264144189
  y: 76.0
  z: 544.2335711995058
  yaw: -69.93228
  pitch: 11.100051
