lastAccountName: _Pro
timestamps:
  login: 1528987910276
  logout: 1528988153602
ipAddress: 154.103.87.95
lastlocation:
  world: Survival
  x: 128.0
  y: 76.0
  z: 544.0
  yaw: 0.0
  pitch: 0.0
logoutlocation:
  world: Survival
  x: 111.83932325845294
  y: 69.0
  z: 576.7150406181307
  yaw: -13.232361
  pitch: 0.44999975
