lastAccountName: Ma7et123
timestamps:
  login: 1525351545280
  logout: 1525351791252
ipAddress: 92.35.62.36
lastlocation:
  world: Survival
  x: 128.0
  y: 76.0
  z: 544.0
  yaw: 0.0
  pitch: 0.0
logoutlocation:
  world: Survival
  x: 140.0685797847044
  y: 70.0
  z: 551.7289143686564
  yaw: 135.24106
  pitch: 45.0312
