lastAccountName: DjDeathrow
timestamps:
  login: 1523905215986
  logout: 1523905232173
ipAddress: 127.0.0.1
lastlocation:
  world: Survival
  x: 128.0
  y: 76.0
  z: 544.0
  yaw: 0.0
  pitch: 0.0
logoutlocation:
  world: Survival
  x: 128.5
  y: 76.0
  z: 544.5
  yaw: 0.4500167
  pitch: 1.3500128
nickname: Testing
