geolocation: United States
lastAccountName: Marionette_Girl1
timestamps:
  login: 1523066664649
  lastteleport: 1523067561272
  logout: 1523067669463
ipAddress: 64.123.32.38
lastlocation:
  world: Survival
  x: 128.471521265629
  y: 70.5
  z: 528.2572067904739
  yaw: 359.69238
  pitch: 60.01378
logoutlocation:
  world: Staff
  x: 1837.6080498035649
  y: 55.7967356006687
  z: -707.074618640901
  yaw: -193.7352
  pitch: 19.26659
