lastAccountName: MiniTecno
timestamps:
  login: 1524785295228
  command-cooldowns:
  - pattern: .*( .*)?
    expiry: 1524785314986
  logout: 1524785352347
  mute: 0
  lastteleport: 1524776898791
  kits:
    starter: 1524612857752
    iron: 1524616362081
ipAddress: 98.29.147.129
geolocation: United States
lastlocation:
  world: Survival
  x: 37739.638638783006
  y: 70.0
  z: 40324.098983190604
  yaw: -298.94952
  pitch: 25.05
logoutlocation:
  world: Survival
  x: 37755.03228229695
  y: 69.0
  z: 40321.91649787959
  yaw: 196.34692
  pitch: 62.849976
muted: false
afk: false
homes:
  home:
    world: Survival
    x: 37744.69999998808
    y: 71.0625
    z: 40323.814736861255
    yaw: 258.7473
    pitch: 27.600008
