lastAccountName: MiniTecno
timestamps:
  login: 1524791492172
  command-cooldowns:
  - pattern: .*( .*)?
    expiry: 1524791397505
  logout: 1524792775653
  mute: 0
  lastteleport: 1524776898791
  kits:
    starter: 1524612857752
    iron: 1524616362081
ipAddress: 98.29.147.129
geolocation: United States
lastlocation:
  world: Survival
  x: 37739.638638783006
  y: 70.0
  z: 40324.098983190604
  yaw: -298.94952
  pitch: 25.05
logoutlocation:
  world: Survival
  x: 37751.70697059529
  y: 70.33319999363422
  z: 40331.62024560029
  yaw: 72.44696
  pitch: 37.799965
muted: false
afk: false
homes:
  home:
    world: Survival
    x: 37744.69999998808
    y: 71.0625
    z: 40323.814736861255
    yaw: 258.7473
    pitch: 27.600008
