lastAccountName: MiniTecno
timestamps:
  login: 1524775870423
  command-cooldowns:
  - pattern: .*( .*)?
    expiry: 1524775882515
  logout: 1524775621291
  mute: 0
  lastteleport: 1524774437488
  kits:
    starter: 1524612857752
    iron: 1524616362081
ipAddress: 98.29.147.129
geolocation: United States
lastlocation:
  world: Staff
  x: 1831.5076081378425
  y: 57.7049490289041
  z: -744.6999999880791
  yaw: -132.14728
  pitch: 90.0
logoutlocation:
  world: Survival
  x: 424.6168900071636
  y: 65.7502424262578
  z: 3871.699999988079
  yaw: 282.41943
  pitch: 70.65003
muted: false
afk: false
homes:
  home:
    world: Survival
    x: 37744.69999998808
    y: 71.0625
    z: 40323.814736861255
    yaw: 258.7473
    pitch: 27.600008
