lastAccountName: MiniTecno
timestamps:
  login: 1524872015961
  command-cooldowns:
  - pattern: .*( .*)?
    expiry: 1524791397505
  logout: 1524871879366
  mute: 0
  lastteleport: 1524776898791
  kits:
    starter: 1524612857752
    iron: 1524616362081
ipAddress: 98.29.147.129
geolocation: United States
lastlocation:
  world: Survival
  x: 37739.638638783006
  y: 70.0
  z: 40324.098983190604
  yaw: -298.94952
  pitch: 25.05
logoutlocation:
  world: Survival
  x: 37753.39808966255
  y: 71.48684888295212
  z: 40322.820505638505
  yaw: -193.18102
  pitch: 8.850001
muted: false
afk: false
homes:
  home:
    world: Survival
    x: 37744.69999998808
    y: 71.0625
    z: 40323.814736861255
    yaw: 258.7473
    pitch: 27.600008
