lastAccountName: MiniTecno
timestamps:
  login: 1524873701178
  command-cooldowns:
  - pattern: .*( .*)?
    expiry: 1524791397505
  logout: 1524873891154
  mute: 0
  lastteleport: 1524872143705
  kits:
    starter: 1524612857752
    iron: 1524616362081
ipAddress: 98.29.147.129
geolocation: United States
lastlocation:
  world: Survival
  x: 37753.559037477986
  y: 72.68169528748193
  z: 40326.07822994222
  yaw: -228.58044
  pitch: 47.70002
logoutlocation:
  world: Survival
  x: 125.03451870528873
  y: 88.24884051413233
  z: 626.9611437894708
  yaw: -24.931894
  pitch: 7.9499955
muted: false
afk: false
homes:
  home:
    world: Survival
    x: 37744.69999998808
    y: 71.0625
    z: 40323.814736861255
    yaw: 258.7473
    pitch: 27.600008
