lastAccountName: MiniTecno
timestamps:
  login: 1524873701178
  command-cooldowns:
  - pattern: .*( .*)?
    expiry: 1524791397505
  logout: 1524873652769
  mute: 0
  lastteleport: 1524872143705
  kits:
    starter: 1524612857752
    iron: 1524616362081
ipAddress: 98.29.147.129
geolocation: United States
lastlocation:
  world: Survival
  x: 37753.559037477986
  y: 72.68169528748193
  z: 40326.07822994222
  yaw: -228.58044
  pitch: 47.70002
logoutlocation:
  world: Survival
  x: 11.855593729538056
  y: 111.02423141050411
  z: 1486.6329715353195
  yaw: -33.48755
  pitch: 55.799973
muted: false
afk: false
homes:
  home:
    world: Survival
    x: 37744.69999998808
    y: 71.0625
    z: 40323.814736861255
    yaw: 258.7473
    pitch: 27.600008
