lastAccountName: gorgonz11
timestamps:
  login: 1522769525132
  logout: 1522770652778
ipAddress: 85.76.160.24
lastlocation:
  world: survival
  x: 128.0
  y: 76.0
  z: 544.0
  yaw: 0.0
  pitch: 0.0
geolocation: Finland
logoutlocation:
  world: survival
  x: 818.1280343188407
  y: 67.0
  z: 1102.7547838460976
  yaw: 111.52771
  pitch: 20.99999
