lastAccountName: Alm47
timestamps:
  login: 1523212381121
  command-cooldowns:
  - pattern: .*( .*)?
    expiry: 1523212634505
  logout: 1523216235679
ipAddress: 174.226.131.219
geolocation: United States
lastlocation:
  world: Survival
  x: 128.0
  y: 76.0
  z: 544.0
  yaw: 0.0
  pitch: 0.0
logoutlocation:
  world: Survival
  x: 5115.3629081713825
  y: 72.93752379186496
  z: 24031.49993477006
  yaw: 204.53839
  pitch: 4.600043
