lastAccountName: Staffisrettarded
timestamps:
  login: 1522921324834
  logout: 1522921977728
ipAddress: 82.118.246.3
lastlocation:
  world: Survival
  x: 128.0
  y: 76.0
  z: 544.0
  yaw: 0.0
  pitch: 0.0
geolocation: Bulgaria
logoutlocation:
  world: Survival
  x: 133.7619680730105
  y: 76.0
  z: 540.3000000119209
  yaw: -190.2832
  pitch: 35.744205
