lastAccountName: _lucky4you_
timestamps:
  login: 1522789583808
  logout: 1522789706016
ipAddress: 76.14.177.3
lastlocation:
  world: Survival
  x: 128.0
  y: 76.0
  z: 544.0
  yaw: 0.0
  pitch: 0.0
geolocation: United States
logoutlocation:
  world: Survival
  x: -181.30000001192087
  y: 64.0
  z: 588.3000000119209
  yaw: -238.34937
  pitch: 20.100029
