lastAccountName: meandelsa
timestamps:
  login: 1522890637629
  logout: 1522890682929
ipAddress: 207.183.183.239
lastlocation:
  world: Survival
  x: 128.0
  y: 76.0
  z: 544.0
  yaw: 0.0
  pitch: 0.0
geolocation: United States
logoutlocation:
  world: Survival
  x: 139.39762968454016
  y: 70.0
  z: 552.0717340674349
  yaw: -168.60004
  pitch: 5.7000265
