lastAccountName: Teddy_Mactavish
timestamps:
  login: 1531178027783
  logout: 1531178747979
ipAddress: 86.128.149.239
lastlocation:
  world: Survival
  x: 128.0
  y: 76.0
  z: 544.0
  yaw: 0.0
  pitch: 0.0
logoutlocation:
  world: Survival
  x: 135.02636070820367
  y: 76.5
  z: 541.8769147920742
  yaw: -309.03687
  pitch: 40.35005
