lastAccountName: SaltyTaco23
timestamps:
  login: 1522910955196
  command-cooldowns:
  - pattern: .*( .*)?
    expiry: 1522882686001
  kits:
    starter: 1522882218400
    claim: 1522882212196
  logout: 1522910960464
ipAddress: 98.234.24.123
geolocation: United States
lastlocation:
  world: Survival
  x: 128.0
  y: 76.0
  z: 544.0
  yaw: 0.0
  pitch: 0.0
logoutlocation:
  world: Survival
  x: 150.44447553819944
  y: 67.0
  z: 378.5597248843288
  yaw: -120.07677
  pitch: 5.6983776
