lastAccountName: twinsane1029
timestamps:
  login: 1523069563843
  command-cooldowns:
  - pattern: .*( .*)?
    expiry: 1523070236974
  logout: 1523070297917
  kits:
    starter: 1522885254025
    claim: 1522965520659
    iron: 1523064289096
  lastteleport: 1523066916290
ipAddress: 67.45.33.46
geolocation: United States
lastlocation:
  world: Survival
  x: 170.54893178814277
  y: 69.0
  z: 493.22857588191295
  yaw: -12.904785
  pitch: 15.685983
logoutlocation:
  world: Survival
  x: 198.77864566539134
  y: 69.0
  z: 539.9440245602506
  yaw: -295.72266
  pitch: 1.0586108
afk: false
homes:
  home:
    world: Survival
    x: 133.26150727587282
    y: 79.26465590872095
    z: 800.9399001410079
    yaw: -359.05646
    pitch: 81.974594
  seatemple:
    world: Survival
    x: 290.4596411238032
    y: 64.0
    z: 835.9243885635726
    yaw: -156.45093
    pitch: 33.9075
money: '5.0'
nickname: shad
