lastAccountName: InfaReQt
timestamps:
  login: 1528398151501
  logout: 1528399642636
ipAddress: 145.53.185.221
lastlocation:
  world: Survival
  x: 128.0
  y: 76.0
  z: 544.0
  yaw: 0.0
  pitch: 0.0
logoutlocation:
  world: Survival
  x: 148.11899506940725
  y: 70.0
  z: 547.497298467941
  yaw: -126.09546
  pitch: 10.592278
