lastAccountName: wesselvanhulsen
timestamps:
  login: 1525199445892
  logout: 1525199950049
ipAddress: 31.201.199.62
lastlocation:
  world: Survival
  x: 128.0
  y: 76.0
  z: 544.0
  yaw: 0.0
  pitch: 0.0
logoutlocation:
  world: Survival
  x: 28674.726534176658
  y: 71.0
  z: 16107.00393974864
  yaw: 76.64789
  pitch: 34.200073
