lastAccountName: wesselvanhulsen
timestamps:
  login: 1525199955090
  logout: 1525199989533
ipAddress: 31.201.199.62
lastlocation:
  world: Survival
  x: 128.0
  y: 76.0
  z: 544.0
  yaw: 0.0
  pitch: 0.0
logoutlocation:
  world: Survival
  x: 28673.11780779927
  y: 72.875
  z: 16106.234739389503
  yaw: 98.097885
  pitch: 25.650078
