lastAccountName: Dabombinable
timestamps:
  login: 1528101973871
  logout: 1528101976728
ipAddress: 101.184.165.148
lastlocation:
  world: Survival
  x: 128.0
  y: 76.0
  z: 544.0
  yaw: 0.0
  pitch: 0.0
logoutlocation:
  world: Survival
  x: 128.5
  y: 76.0
  z: 544.5
  yaw: 85.918076
  pitch: 12.750047
