lastAccountName: funman123
timestamps:
  login: 1524327345686
  command-cooldowns:
  - pattern: .*( .*)?
    expiry: 1524327354848
  logout: 1524327327389
ipAddress: 85.191.102.246
lastlocation:
  world: Survival
  x: 128.0
  y: 76.0
  z: 544.0
  yaw: 0.0
  pitch: 0.0
geolocation: Denmark
logoutlocation:
  world: Survival
  x: 22.02915474380342
  y: 78.51671073777595
  z: 508.0105379582676
  yaw: -212.58412
  pitch: 67.19972
