lastAccountName: funman123
timestamps:
  login: 1524328958620
  command-cooldowns:
  - pattern: .*( .*)?
    expiry: 1524328450013
  logout: 1524328975084
ipAddress: 85.191.102.246
lastlocation:
  world: Survival
  x: 13.419281278020048
  y: 76.0
  z: 519.9324894572926
  yaw: -56.73395
  pitch: 25.049744
geolocation: Denmark
logoutlocation:
  world: Survival
  x: 126.26255062221692
  y: 76.0
  z: 545.2576100861708
  yaw: 115.618
  pitch: 18.90005
