lastAccountName: funman123
timestamps:
  login: 1525099473124
  command-cooldowns:
  - pattern: .*( .*)?
    expiry: 1524328450013
  logout: 1525099558021
ipAddress: 85.191.102.246
lastlocation:
  world: Survival
  x: 13.419281278020048
  y: 76.0
  z: 519.9324894572926
  yaw: -56.73395
  pitch: 25.049744
geolocation: Denmark
logoutlocation:
  world: Survival
  x: 131.22750185084038
  y: 76.0
  z: 546.703798750147
  yaw: -258.33157
  pitch: 41.400135
