lastAccountName: Illuminobody
timestamps:
  login: 1525212502911
ipAddress: 96.225.125.206
lastlocation:
  world: Survival
  x: 133.17122329434244
  y: 77.5
  z: 549.4206443730205
  yaw: -90.53271
  pitch: 46.617
