lastAccountName: Illuminobody
timestamps:
  login: 1525212502911
ipAddress: 96.225.125.206
lastlocation:
  world: Survival
  x: 122.63466458178252
  y: 77.24918707874468
  z: 540.8637298103165
  yaw: 104.235245
  pitch: 41.214104
