lastAccountName: ItsJustDragon
timestamps:
  login: 1527435756123
  logout: 1527435768962
ipAddress: 66.229.144.155
lastlocation:
  world: Survival
  x: 128.0
  y: 76.0
  z: 544.0
  yaw: 0.0
  pitch: 0.0
logoutlocation:
  world: Survival
  x: -3.628644782268458
  y: 67.0
  z: 573.3867613987763
  yaw: 290.81262
  pitch: 15.899988
