lastAccountName: ItsJustDragon
timestamps:
  login: 1526940321807
  logout: 1526940383263
ipAddress: 66.229.144.155
lastlocation:
  world: Survival
  x: 128.0
  y: 76.0
  z: 544.0
  yaw: 0.0
  pitch: 0.0
logoutlocation:
  world: Survival
  x: 98.26851071271989
  y: 72.0
  z: 689.7086856473801
  yaw: 336.41107
  pitch: 8.849975
