lastAccountName: ItsJustDragon
timestamps:
  login: 1526940321807
  logout: 1526934885490
ipAddress: 66.229.144.155
lastlocation:
  world: Survival
  x: 128.0
  y: 76.0
  z: 544.0
  yaw: 0.0
  pitch: 0.0
logoutlocation:
  world: Survival
  x: 79.69999998807907
  y: 74.0
  z: 726.3000000119209
  yaw: 225.71094
  pitch: 5.5499444
