lastAccountName: ItsJustDragon
timestamps:
  login: 1528068247824
  logout: 1527435768962
  lastteleport: 1528069243323
  kits:
    iron: 1528068583752
ipAddress: 66.229.144.155
lastlocation:
  world: Survival
  x: 127.47810546477979
  y: 76.0
  z: 545.6134161383611
  yaw: -85.831955
  pitch: 4.350049
logoutlocation:
  world: Survival
  x: -3.628644782268458
  y: 67.0
  z: 573.3867613987763
  yaw: 290.81262
  pitch: 15.899988
money: '5.0'
