lastAccountName: ItsJustDragon
timestamps:
  login: 1526942532022
  logout: 1526940500815
ipAddress: 66.229.144.155
lastlocation:
  world: Survival
  x: 128.0
  y: 76.0
  z: 544.0
  yaw: 0.0
  pitch: 0.0
logoutlocation:
  world: Survival
  x: 77.76359952099733
  y: 74.0
  z: 715.0378667378434
  yaw: 78.86243
  pitch: -2.5499647
