lastAccountName: ItsJustDragon
timestamps:
  login: 1527104268926
  logout: 1527104287253
ipAddress: 66.229.144.155
lastlocation:
  world: Survival
  x: 128.0
  y: 76.0
  z: 544.0
  yaw: 0.0
  pitch: 0.0
logoutlocation:
  world: Survival
  x: 73.15350222901344
  y: 75.0
  z: 709.6902912951654
  yaw: 127.462524
  pitch: 19.350033
