lastAccountName: ItsJustDragon
timestamps:
  login: 1528068247824
  logout: 1528069555586
  lastteleport: 1528069551380
  kits:
    iron: 1528068583752
ipAddress: 66.229.144.155
lastlocation:
  world: Survival
  x: 312.30000001192093
  y: 65.0
  z: 591.2021601197969
  yaw: -311.4431
  pitch: -9.29997
logoutlocation:
  world: Survival
  x: 128.5
  y: 76.0
  z: 544.5
  yaw: 85.918076
  pitch: 12.750047
money: '5.0'
