lastAccountName: ItsJustDragon
timestamps:
  login: 1527109554120
  logout: 1527109632206
ipAddress: 66.229.144.155
lastlocation:
  world: Survival
  x: 128.0
  y: 76.0
  z: 544.0
  yaw: 0.0
  pitch: 0.0
logoutlocation:
  world: Survival
  x: -48.50171958045449
  y: 70.0
  z: 581.7778112514541
  yaw: 215.81279
  pitch: 11.999996
