lastAccountName: ItsJustDragon
timestamps:
  login: 1528068247824
  logout: 1527435768962
  lastteleport: 1528069551380
  kits:
    iron: 1528068583752
ipAddress: 66.229.144.155
lastlocation:
  world: Survival
  x: 312.30000001192093
  y: 65.0
  z: 591.2021601197969
  yaw: -311.4431
  pitch: -9.29997
logoutlocation:
  world: Survival
  x: -3.628644782268458
  y: 67.0
  z: 573.3867613987763
  yaw: 290.81262
  pitch: 15.899988
money: '5.0'
