lastAccountName: ItsJustDragon
timestamps:
  login: 1526934052719
  logout: 1526934108026
ipAddress: 66.229.144.155
lastlocation:
  world: Survival
  x: 128.0
  y: 76.0
  z: 544.0
  yaw: 0.0
  pitch: 0.0
logoutlocation:
  world: Survival
  x: 129.3952741297877
  y: 76.0
  z: 544.2868673885032
  yaw: -27.781837
  pitch: 12.299998
