lastAccountName: ItsJustDragon
timestamps:
  login: 1528068247824
  logout: 1527435768962
  lastteleport: 1528068487284
  kits:
    iron: 1528068583752
ipAddress: 66.229.144.155
lastlocation:
  world: Survival
  x: 118.75455888723211
  y: 70.0
  z: 533.1105790329681
  yaw: 49.018127
  pitch: 7.6500835
logoutlocation:
  world: Survival
  x: -3.628644782268458
  y: 67.0
  z: 573.3867613987763
  yaw: 290.81262
  pitch: 15.899988
money: '5.0'
