lastAccountName: ItsJustDragon
timestamps:
  login: 1528068247824
  logout: 1527435768962
  lastteleport: 1528069243323
  kits:
    iron: 1528068583752
ipAddress: 66.229.144.155
lastlocation:
  world: Survival
  x: 131.41828463360358
  y: 76.0
  z: 544.9723668183082
  yaw: 321.4189
  pitch: 26.699797
logoutlocation:
  world: Survival
  x: -3.628644782268458
  y: 67.0
  z: 573.3867613987763
  yaw: 290.81262
  pitch: 15.899988
money: '5.0'
