lastAccountName: ItsJustDragon
timestamps:
  login: 1528068247824
  logout: 1527435768962
  lastteleport: 1528068487284
  kits:
    iron: 1528068583752
ipAddress: 66.229.144.155
lastlocation:
  world: Survival
  x: 34.35807614369725
  y: 72.0
  z: 629.9138225581605
  yaw: -261.12958
  pitch: 52.409237
logoutlocation:
  world: Survival
  x: -3.628644782268458
  y: 67.0
  z: 573.3867613987763
  yaw: 290.81262
  pitch: 15.899988
money: '5.0'
