lastAccountName: ItsJustDragon
timestamps:
  login: 1528068247824
  logout: 1527435768962
ipAddress: 66.229.144.155
lastlocation:
  world: Survival
  x: -28.888351156191426
  y: 67.0
  z: 571.2371208438946
  yaw: -38.437103
  pitch: 14.100011
logoutlocation:
  world: Survival
  x: -3.628644782268458
  y: 67.0
  z: 573.3867613987763
  yaw: 290.81262
  pitch: 15.899988
