lastAccountName: ServerReview
timestamps:
  login: 1522790376804
  logout: 1522790494077
ipAddress: 84.107.99.168
geolocation: Netherlands
lastlocation:
  world: Survival
  x: 128.0
  y: 76.0
  z: 544.0
  yaw: 0.0
  pitch: 0.0
logoutlocation:
  world: Survival
  x: 111.60024492229918
  y: 70.0
  z: 553.0598172986074
  yaw: 229.49854
  pitch: -21.149885
