lastAccountName: smooch_
timestamps:
  login: 1525742639130
ipAddress: 216.165.231.212
lastlocation:
  world: Survival
  x: 142.09051716293328
  y: 70.0
  z: 547.0283918184246
  yaw: 245.21805
  pitch: 1.3500257
