lastAccountName: smooch_
timestamps:
  login: 1525742639130
ipAddress: 216.165.231.212
lastlocation:
  world: Survival
  x: 146.61016182726033
  y: 84.0
  z: 712.5636080209503
  yaw: -191.13087
  pitch: 27.74989
