lastAccountName: smooch_
timestamps:
  login: 1525818749599
  logout: 1525818879333
ipAddress: 216.165.231.212
lastlocation:
  world: Survival
  x: 128.5
  y: 76.0
  z: 544.5
  yaw: 83.06808
  pitch: 18.000046
logoutlocation:
  world: Survival
  x: 28844.04405105211
  y: 64.0
  z: 18207.08826060328
  yaw: 164.10008
  pitch: 12.149885
