lastAccountName: smooch_
timestamps:
  login: 1525742639130
ipAddress: 216.165.231.212
lastlocation:
  world: Survival
  x: 240.32088436914637
  y: 62.321828548645506
  z: 555.8645291454192
  yaw: -5.431411
  pitch: 9.300078
