lastAccountName: smooch_
timestamps:
  login: 1525742639130
ipAddress: 216.165.231.212
lastlocation:
  world: Survival
  x: 28766.922873359123
  y: 60.0
  z: 18260.72334219454
  yaw: -98.84927
  pitch: 6.9000473
