lastAccountName: smooch_
timestamps:
  login: 1525742639130
  logout: 1525743984056
ipAddress: 216.165.231.212
lastlocation:
  world: Survival
  x: 128.5
  y: 76.0
  z: 544.5
  yaw: 83.06808
  pitch: 18.000046
logoutlocation:
  world: Survival
  x: 28771.033119471795
  y: 64.0
  z: 18262.85829998635
  yaw: 86.84974
  pitch: 63.149914
