lastAccountName: smooch_
timestamps:
  login: 1525742639130
ipAddress: 216.165.231.212
lastlocation:
  world: Survival
  x: 133.3649433764034
  y: 77.5
  z: 545.7993004140105
  yaw: 0.86880493
  pitch: 29.399967
