lastAccountName: smooch_
timestamps:
  login: 1525742639130
ipAddress: 216.165.231.212
lastlocation:
  world: Survival
  x: 108.49783097551209
  y: 70.0
  z: 547.7885518440545
  yaw: 79.91813
  pitch: 7.5000668
