lastAccountName: smooch_
timestamps:
  login: 1525742639130
ipAddress: 216.165.231.212
lastlocation:
  world: Survival
  x: 82.52429471008716
  y: 72.0
  z: 515.5923368300955
  yaw: 209.21808
  pitch: 11.250054
