lastAccountName: smooch_
timestamps:
  login: 1525742639130
ipAddress: 216.165.231.212
lastlocation:
  world: Survival
  x: 28750.42177896383
  y: 63.0
  z: 18288.201320176016
  yaw: 24.749176
  pitch: 8.850008
