lastAccountName: smooch_
timestamps:
  login: 1525742639130
ipAddress: 216.165.231.212
lastlocation:
  world: Survival
  x: 128.5
  y: 76.0
  z: 544.5
  yaw: 85.918076
  pitch: 12.750047
