lastAccountName: TheCamper310
timestamps:
  login: 1531686061423
  logout: 1531686386277
  lastteleport: 1529815366716
  kits:
    starter: 1529522743041
    claim: 1529808875784
ipAddress: 99.250.106.61
lastlocation:
  world: Survival
  x: 155.57074826482406
  y: 74.0
  z: 296.9763923387965
  yaw: 230.3977
  pitch: 9.00016
logoutlocation:
  world: Survival
  x: 97.01842567213899
  y: 63.0
  z: 326.42852265067324
  yaw: -200.26971
  pitch: -10.499963
homes:
  home:
    world: Survival
    x: 308.6332546359138
    y: 70.0
    z: 435.5435791388982
    yaw: -156.45178
    pitch: 33.750088
