lastAccountName: iiKawaiiSumm__
timestamps:
  login: 1527443684014
  logout: 1527383214400
ipAddress: 70.106.190.219
lastlocation:
  world: Survival
  x: 128.0
  y: 76.0
  z: 544.0
  yaw: 0.0
  pitch: 0.0
logoutlocation:
  world: Survival
  x: 123.05943158623484
  y: 77.5
  z: 549.3303163106029
  yaw: 100.76831
  pitch: 34.65004
