lastAccountName: PrincessSumm
timestamps:
  login: 1529599735626
  logout: 1529599742944
ipAddress: 70.106.190.219
lastlocation:
  world: Survival
  x: 128.0
  y: 76.0
  z: 544.0
  yaw: 0.0
  pitch: 0.0
logoutlocation:
  world: Survival
  x: 131.30855800873948
  y: 76.0
  z: 546.2954324645868
  yaw: 23.21817
  pitch: 31.350046
