lastAccountName: iiKawaiiSumm__
timestamps:
  login: 1527443684014
  logout: 1527443697695
ipAddress: 70.106.190.219
lastlocation:
  world: Survival
  x: 128.0
  y: 76.0
  z: 544.0
  yaw: 0.0
  pitch: 0.0
logoutlocation:
  world: Survival
  x: 132.69999998807907
  y: 76.0
  z: 539.6178704477788
  yaw: 281.66806
  pitch: 40.650055
