lastAccountName: xValtrux
timestamps:
  login: 1522862323730
  logout: 1522862411473
  lastteleport: 1522797358808
  command-cooldowns:
  - pattern: .*( .*)?
    expiry: 1522862353602
ipAddress: 84.197.110.123
lastlocation:
  world: Survival
  x: -22.69999998807907
  y: 9.209731170589986
  z: 355.6056081244348
  yaw: 182.33842
  pitch: -57.97252
geolocation: Belgium
logoutlocation:
  world: Survival
  x: 96.95226095873736
  y: 98.51150150340601
  z: 569.6539522397085
  yaw: 209.57352
  pitch: 42.215996
afk: false
