lastAccountName: xValtrux
timestamps:
  login: 1524580465824
  logout: 1523452379016
  lastteleport: 1522797358808
  command-cooldowns:
  - pattern: .*( .*)?
    expiry: 1523451153195
ipAddress: 84.197.110.123
lastlocation:
  world: Survival
  x: -22.69999998807907
  y: 9.209731170589986
  z: 355.6056081244348
  yaw: 182.33842
  pitch: -57.97252
geolocation: Belgium
logoutlocation:
  world: Survival
  x: 175.2792436351647
  y: 67.0
  z: 582.9028211610873
  yaw: -198.83478
  pitch: -23.456696
afk: false
