lastAccountName: xValtrux
timestamps:
  login: 1524581057809
  logout: 1524581052841
  lastteleport: 1524580831251
  command-cooldowns:
  - pattern: .*( .*)?
    expiry: 1524581072088
ipAddress: 84.197.110.123
lastlocation:
  world: Survival
  x: -22.69999998807907
  y: 9.209731170589986
  z: 355.6056081244348
  yaw: 182.33842
  pitch: -57.97252
geolocation: Belgium
logoutlocation:
  world: Survival
  x: -35.757496343790855
  y: 87.51992856173229
  z: 503.77735513325536
  yaw: -80.06763
  pitch: 27.300028
afk: false
