lastAccountName: xValtrux
timestamps:
  login: 1524581057809
  logout: 1524581052841
  lastteleport: 1524581117164
  command-cooldowns:
  - pattern: .*( .*)?
    expiry: 1524581136450
ipAddress: 84.197.110.123
lastlocation:
  world: Survival
  x: 8.448248303189905
  y: 85.64489097865085
  z: 516.3390406770735
  yaw: -119.36761
  pitch: -0.6000111
geolocation: Belgium
logoutlocation:
  world: Survival
  x: -35.757496343790855
  y: 87.51992856173229
  z: 503.77735513325536
  yaw: -80.06763
  pitch: 27.300028
afk: false
