lastAccountName: xValtrux
timestamps:
  login: 1524580594032
  logout: 1524580589103
  lastteleport: 1522797358808
  command-cooldowns:
  - pattern: .*( .*)?
    expiry: 1524580639882
ipAddress: 84.197.110.123
lastlocation:
  world: Survival
  x: -22.69999998807907
  y: 9.209731170589986
  z: 355.6056081244348
  yaw: 182.33842
  pitch: -57.97252
geolocation: Belgium
logoutlocation:
  world: Survival
  x: 171.78864056000742
  y: 67.0
  z: 582.6171886055525
  yaw: -132.98473
  pitch: 3.4499934
afk: false
