lastAccountName: LoocieTacoBella
timestamps:
  login: 1530730570818
  lastteleport: 1530730629585
  logout: 1530730691823
ipAddress: 151.231.9.185
lastlocation:
  world: Survival
  x: -37.58906050238823
  y: 67.0
  z: 551.2813476090428
  yaw: 179.10919
  pitch: 52.05342
logoutlocation:
  world: Survival
  x: 129.45799882813827
  y: 70.0
  z: 562.7612120915452
  yaw: 318.118
  pitch: 15.000046
