lastAccountName: triple_craft
timestamps:
  login: 1525564130383
  logout: 1525563933383
  lastteleport: 1525564185135
  kits:
    claim: 1525564940485
ipAddress: 110.140.189.239
lastlocation:
  world: Survival
  x: 133.56745034982225
  y: 77.5
  z: 546.3179067945101
  yaw: 6.567993
  pitch: 45.000027
logoutlocation:
  world: Survival
  x: 128.5
  y: 76.0
  z: 544.5
  yaw: 85.918076
  pitch: 12.750047
