lastAccountName: triple_craft
timestamps:
  login: 1526695500151
  logout: 1526695431548
  lastteleport: 1526695679202
  kits:
    claim: 1525564940485
ipAddress: 110.140.189.239
lastlocation:
  world: Survival
  x: 45727.40796959459
  y: 77.0
  z: 39893.28557203152
  yaw: 102.90021
  pitch: -12.450021
logoutlocation:
  world: Survival
  x: 66.636947802903
  y: 64.0
  z: 352.97016234557793
  yaw: 162.86836
  pitch: 6.300015
