lastAccountName: triple_craft
timestamps:
  login: 1526718724138
  logout: 1526720122464
  lastteleport: 1526719450307
  kits:
    diamond: 1526697897439
    starter: 1526698075796
    color: 1526718606400
    claim: 1526719242185
    starter-2: 1526698224894
ipAddress: 110.140.189.239
lastlocation:
  world: Survival
  x: 12116.817285948518
  y: 77.0
  z: 26114.01830585321
  yaw: 52.79773
  pitch: -3.5999222
logoutlocation:
  world: Survival
  x: 12117.550936304879
  y: 77.0
  z: 26116.76283696236
  yaw: 4.947689
  pitch: 0.300004
godmode: true
powertools:
  '275':
  - replacenear 40 diAMOND cobblestone
nickname: triple_craft
afk: false
homes:
  roller_coaster:
    world: Survival
    x: 12117.699999988079
    y: 77.0
    z: 26113.30000001192
    yaw: 52.79773
    pitch: -3.5999222
