lastAccountName: triple_craft
timestamps:
  login: 1527898315123
  logout: 1527763579719
  lastteleport: 1527898702489
  kits:
    diamond: 1526980059179
    starter: 1526698075796
    color: 1526718606400
    claim: 1527898331703
    starter-2: 1526698224894
ipAddress: 110.140.189.239
lastlocation:
  world: Survival
  x: 9897.391168343376
  y: 99.24313549259173
  z: 15517.297009312902
  yaw: 142.19955
  pitch: 33.90008
logoutlocation:
  world: Survival
  x: 40116.84518634121
  y: 62.0
  z: 8897.226771515028
  yaw: -172.0473
  pitch: 19.350315
godmode: false
powertools:
  '275':
  - replacenear 40 diAMOND cobblestone
  '280':
  - help
nickname: triple_craft
afk: false
homes:
  roller_coaster:
    world: Survival
    x: 12117.699999988079
    y: 77.0
    z: 26113.30000001192
    yaw: 52.79773
    pitch: -3.5999222
  hidden:
    world: Survival
    x: 40119.5893499422
    y: 68.0
    z: 8898.581306817603
    yaw: 127.49994
    pitch: 26.400015
  timelapse:
    world: Survival
    x: 40129.9809990569
    y: 67.0
    z: 8890.702039467904
    yaw: -124.80078
    pitch: 0.6000267
