lastAccountName: triple_craft
timestamps:
  login: 1526695500151
  logout: 1526695431548
  lastteleport: 1526698866614
  kits:
    diamond: 1526697897439
    starter: 1526698075796
    color: 1526698805716
    claim: 1525564940485
    starter-2: 1526698224894
ipAddress: 110.140.189.239
lastlocation:
  world: Survival
  x: 212.37343407508232
  y: 47.0
  z: 787.1701674191073
  yaw: -154.49939
  pitch: 36.45001
logoutlocation:
  world: Survival
  x: 66.636947802903
  y: 64.0
  z: 352.97016234557793
  yaw: 162.86836
  pitch: 6.300015
