lastAccountName: triple_craft
timestamps:
  login: 1525564130383
  logout: 1525563933383
  lastteleport: 1525564185135
  kits:
    claim: 1525564940485
ipAddress: 110.140.189.239
lastlocation:
  world: Survival
  x: 20978.674459222406
  y: 65.0
  z: 37859.79647349527
  yaw: -322.19348
  pitch: 85.04996
logoutlocation:
  world: Survival
  x: 128.5
  y: 76.0
  z: 544.5
  yaw: 85.918076
  pitch: 12.750047
