lastAccountName: triple_craft
timestamps:
  login: 1526695500151
  logout: 1526695431548
  lastteleport: 1526695603726
  kits:
    claim: 1525564940485
ipAddress: 110.140.189.239
lastlocation:
  world: Survival
  x: 120.5
  y: 63.95384000611304
  z: 416.5
  yaw: 167.96861
  pitch: 25.05006
logoutlocation:
  world: Survival
  x: 66.636947802903
  y: 64.0
  z: 352.97016234557793
  yaw: 162.86836
  pitch: 6.300015
