lastAccountName: triple_craft
timestamps:
  login: 1526695500151
  logout: 1526695431548
  lastteleport: 1526695812998
  kits:
    claim: 1525564940485
ipAddress: 110.140.189.239
lastlocation:
  world: Creative
  x: 87.91206825703398
  y: 65.0
  z: 160.88014568482632
  yaw: -6.0000224
  pitch: 30.899998
logoutlocation:
  world: Survival
  x: 66.636947802903
  y: 64.0
  z: 352.97016234557793
  yaw: 162.86836
  pitch: 6.300015
