lastAccountName: triple_craft
timestamps:
  login: 1526020213705
  logout: 1526020214424
  lastteleport: 1525565933551
  kits:
    claim: 1525564940485
ipAddress: 110.140.189.239
lastlocation:
  world: Survival
  x: 45714.69999998808
  y: 79.0
  z: 39922.69999998808
  yaw: -46.800007
  pitch: 24.45001
logoutlocation:
  world: Survival
  x: 80.25579164073724
  y: 66.0
  z: 339.36170024050085
  yaw: 65.36841
  pitch: 63.75001
