lastAccountName: triple_craft
timestamps:
  login: 1526695500151
  logout: 1526695431548
  lastteleport: 1526695761436
  kits:
    claim: 1525564940485
ipAddress: 110.140.189.239
lastlocation:
  world: Staff
  x: 1836.0694225306836
  y: 57.000628084611556
  z: -742.3124765778276
  yaw: 80.70287
  pitch: 17.550003
logoutlocation:
  world: Survival
  x: 66.636947802903
  y: 64.0
  z: 352.97016234557793
  yaw: 162.86836
  pitch: 6.300015
