lastAccountName: triple_craft
timestamps:
  login: 1525564130383
  logout: 1525563933383
  lastteleport: 1525564185135
  kits:
    claim: 1525564940485
ipAddress: 110.140.189.239
lastlocation:
  world: Survival
  x: 20995.3108728765
  y: 60.304857591927906
  z: 37822.68395656064
  yaw: -190.5068
  pitch: 15.165416
logoutlocation:
  world: Survival
  x: 128.5
  y: 76.0
  z: 544.5
  yaw: 85.918076
  pitch: 12.750047
