lastAccountName: triple_craft
timestamps:
  login: 1526809442430
  logout: 1526810512777
  lastteleport: 1526809999487
  kits:
    diamond: 1526697897439
    starter: 1526698075796
    color: 1526718606400
    claim: 1526809853275
    starter-2: 1526698224894
ipAddress: 110.140.189.239
lastlocation:
  world: Survival
  x: 12117.491568272644
  y: 83.1260665264769
  z: 26114.27408942537
  yaw: -145.35403
  pitch: 38.55008
logoutlocation:
  world: Survival
  x: 15832.08241688833
  y: 67.0
  z: 6939.270642737739
  yaw: -353.5497
  pitch: 23.099972
godmode: true
powertools:
  '275':
  - replacenear 40 diAMOND cobblestone
nickname: triple_craft
afk: false
homes:
  roller_coaster:
    world: Survival
    x: 12117.699999988079
    y: 77.0
    z: 26113.30000001192
    yaw: 52.79773
    pitch: -3.5999222
