lastAccountName: triple_craft
timestamps:
  login: 1526695500151
  logout: 1526695431548
  lastteleport: 1526695832816
  kits:
    diamond: 1526697897439
    starter: 1526698075796
    claim: 1525564940485
    starter-2: 1526698224894
ipAddress: 110.140.189.239
lastlocation:
  world: Survival
  x: 28697.30000001192
  y: 70.0
  z: 31491.69999998808
  yaw: -166.3498
  pitch: 53.550037
logoutlocation:
  world: Survival
  x: 66.636947802903
  y: 64.0
  z: 352.97016234557793
  yaw: 162.86836
  pitch: 6.300015
