lastAccountName: triple_craft
timestamps:
  login: 1527410044613
  logout: 1527411297938
  lastteleport: 1527409953087
  kits:
    diamond: 1526980059179
    starter: 1526698075796
    color: 1526718606400
    claim: 1526809853275
    starter-2: 1526698224894
ipAddress: 110.140.189.239
lastlocation:
  world: Survival
  x: 12117.5
  y: 77.0
  z: 26113.5
  yaw: 52.79773
  pitch: -3.5999222
logoutlocation:
  world: Survival
  x: 40117.14200971632
  y: 67.0
  z: 8897.358695466775
  yaw: -106.79692
  pitch: 46.800076
godmode: true
powertools:
  '275':
  - replacenear 40 diAMOND cobblestone
  '280':
  - help
nickname: Gravity_Gaming
afk: false
homes:
  roller_coaster:
    world: Survival
    x: 12117.699999988079
    y: 77.0
    z: 26113.30000001192
    yaw: 52.79773
    pitch: -3.5999222
  hidden:
    world: Survival
    x: 40119.5893499422
    y: 68.0
    z: 8898.581306817603
    yaw: 127.49994
    pitch: 26.400015
  timelapse:
    world: Survival
    x: 40129.9809990569
    y: 67.0
    z: 8890.702039467904
    yaw: -124.80078
    pitch: 0.6000267
