lastAccountName: triple_craft
timestamps:
  login: 1526420053996
  logout: 1526420055474
  lastteleport: 1525565933551
  kits:
    claim: 1525564940485
ipAddress: 110.140.189.239
lastlocation:
  world: Survival
  x: 45714.69999998808
  y: 79.0
  z: 39922.69999998808
  yaw: -46.800007
  pitch: 24.45001
logoutlocation:
  world: Survival
  x: 66.636947802903
  y: 64.0
  z: 352.97016234557793
  yaw: 162.86836
  pitch: 6.300015
