lastAccountName: triple_craft
timestamps:
  login: 1526695500151
  logout: 1526695431548
  lastteleport: 1526698906035
  kits:
    diamond: 1526697897439
    starter: 1526698075796
    color: 1526698805716
    claim: 1525564940485
    starter-2: 1526698224894
ipAddress: 110.140.189.239
lastlocation:
  world: Staff
  x: 1833.6534290296768
  y: 55.0
  z: -743.1903796446828
  yaw: 88.203
  pitch: 14.700009
logoutlocation:
  world: Survival
  x: 66.636947802903
  y: 64.0
  z: 352.97016234557793
  yaw: 162.86836
  pitch: 6.300015
godmode: true
powertools:
  '275':
  - lightning
nickname: Potatoes
