lastAccountName: triple_craft
timestamps:
  login: 1527987063280
  logout: 1527983236671
  lastteleport: 1527980339969
  kits:
    diamond: 1526980059179
    starter: 1526698075796
    color: 1526718606400
    claim: 1527980718209
    starter-2: 1526698224894
  jail: 0
ipAddress: 110.140.189.239
lastlocation:
  world: Survival
  x: -645.7801339165318
  y: 108.0
  z: 629.300442119598
  yaw: 115.01801
  pitch: 17.550035
logoutlocation:
  world: Survival
  x: 40245.01507315848
  y: 63.0
  z: 8843.622663289687
  yaw: -52.344116
  pitch: 9.300007
godmode: false
powertools:
  '275':
  - replacenear 40 diAMOND cobblestone
  '280':
  - help
nickname: triple_craft
afk: false
homes:
  roller_coaster:
    world: Survival
    x: 12117.699999988079
    y: 77.0
    z: 26113.30000001192
    yaw: 52.79773
    pitch: -3.5999222
  hidden:
    world: Survival
    x: 40119.5893499422
    y: 68.0
    z: 8898.581306817603
    yaw: 127.49994
    pitch: 26.400015
  timelapse:
    world: Survival
    x: 40129.9809990569
    y: 67.0
    z: 8890.702039467904
    yaw: -124.80078
    pitch: 0.6000267
jailed: false
