lastAccountName: triple_craft
timestamps:
  login: 1525564130383
  logout: 1525563933383
  lastteleport: 1525565933551
  kits:
    claim: 1525564940485
ipAddress: 110.140.189.239
lastlocation:
  world: Survival
  x: 123.92500001192093
  y: 76.0
  z: 545.6999999880791
  yaw: 231.26814
  pitch: 24.900045
logoutlocation:
  world: Survival
  x: 128.5
  y: 76.0
  z: 544.5
  yaw: 85.918076
  pitch: 12.750047
