lastAccountName: triple_craft
timestamps:
  login: 1526695500151
  logout: 1526695431548
  lastteleport: 1526695832816
  kits:
    claim: 1525564940485
ipAddress: 110.140.189.239
lastlocation:
  world: Creative
  x: 87.54502509084443
  y: 65.0
  z: 161.04183004510142
  yaw: -12.750016
  pitch: 10.350007
logoutlocation:
  world: Survival
  x: 66.636947802903
  y: 64.0
  z: 352.97016234557793
  yaw: 162.86836
  pitch: 6.300015
