lastAccountName: triple_craft
timestamps:
  login: 1525588510749
  logout: 1525566139812
  lastteleport: 1525565933551
  kits:
    claim: 1525564940485
ipAddress: 110.140.189.239
lastlocation:
  world: Survival
  x: 20993.820346613662
  y: 60.0
  z: 37838.733926895584
  yaw: -28.492172
  pitch: -11.250012
logoutlocation:
  world: Survival
  x: 20993.820346613662
  y: 60.0
  z: 37838.733926895584
  yaw: -28.042171
  pitch: -7.3500123
