lastAccountName: GreyWolf92
timestamps:
  login: 1528219248233
  logout: 1528144490179
  lastteleport: 1528219353712
  kits:
    diamond: 1527338070294
ipAddress: 81.97.132.68
lastlocation:
  world: Survival
  x: 241.4250535468492
  y: 95.0
  z: 355.52831310088266
  yaw: -251.17206
  pitch: 29.0059
logoutlocation:
  world: Survival
  x: 253.243198972431
  y: 78.0
  z: 375.58016226910325
  yaw: -88.04019
  pitch: 29.349567
money: '25.0'
homes:
  home:
    world: Survival
    x: 27929.499322634998
    y: 61.0
    z: 42205.717836815864
    yaw: 270.656
    pitch: 24.400433
