lastAccountName: GreyWolf92
timestamps:
  login: 1527337955563
  logout: 1527338377305
  lastteleport: 1527338146637
  kits:
    diamond: 1527338070294
ipAddress: 81.97.132.68
lastlocation:
  world: Survival
  x: 27922.492014751777
  y: 73.0
  z: 42212.770942589275
  yaw: 184.93134
  pitch: 14.337979
logoutlocation:
  world: Survival
  x: 27932.64621848362
  y: 61.0
  z: 42201.535050766724
  yaw: 283.4664
  pitch: 38.75883
money: '25.0'
homes:
  home:
    world: Survival
    x: 27929.499322634998
    y: 61.0
    z: 42205.717836815864
    yaw: 270.656
    pitch: 24.400433
