lastAccountName: GreyWolf92
timestamps:
  login: 1533415461752
  logout: 1528665012253
  lastteleport: 1533415558713
  kits:
    diamond: 1527338070294
ipAddress: 81.97.132.68
lastlocation:
  world: Survival
  x: -11298.039357945068
  y: 65.0625
  z: -1997.6541235489724
  yaw: -4.0250797
  pitch: 13.87877
logoutlocation:
  world: Survival
  x: 27930.791221480253
  y: 61.0
  z: 42203.10734005888
  yaw: 54.777763
  pitch: 8.88101
money: '25.0'
homes:
  home:
    world: Survival
    x: 27929.499322634998
    y: 61.0
    z: 42205.717836815864
    yaw: 270.656
    pitch: 24.400433
