lastAccountName: GreyWolf92
timestamps:
  login: 1527337955563
  logout: 1527260673006
  lastteleport: 1527338029312
ipAddress: 81.97.132.68
lastlocation:
  world: Survival
  x: -11292.300000011921
  y: 65.67675927506424
  z: -2000.4175305637082
  yaw: 93.735634
  pitch: 21.773958
logoutlocation:
  world: Survival
  x: 128.5
  y: 76.0
  z: 544.5
  yaw: 93.00051
  pitch: 13.562786
money: '25.0'
homes:
  home:
    world: Survival
    x: 27929.499322634998
    y: 61.0
    z: 42205.717836815864
    yaw: 270.656
    pitch: 24.400433
