lastAccountName: GreyWolf92
timestamps:
  login: 1527105085356
  logout: 1527095272491
ipAddress: 81.97.132.68
lastlocation:
  world: Survival
  x: 128.0
  y: 76.0
  z: 544.0
  yaw: 0.0
  pitch: 0.0
logoutlocation:
  world: Survival
  x: 27934.30000001192
  y: 61.0
  z: 42208.34673520049
  yaw: -152.98758
  pitch: 15.849237
money: '15.0'
