lastAccountName: GreyWolf92
timestamps:
  login: 1527260433444
  logout: 1527173803368
  lastteleport: 1527260529253
ipAddress: 81.97.132.68
lastlocation:
  world: Staff
  x: 1836.1506166086647
  y: 55.0
  z: -743.6447132480877
  yaw: -90.89921
  pitch: 24.299927
logoutlocation:
  world: Survival
  x: 27932.22376598896
  y: 61.0
  z: 42202.49096856475
  yaw: 306.30035
  pitch: 20.25934
money: '25.0'
homes:
  home:
    world: Survival
    x: 27929.499322634998
    y: 61.0
    z: 42205.717836815864
    yaw: 270.656
    pitch: 24.400433
