lastAccountName: GreyWolf92
timestamps:
  login: 1527088214614
  logout: 1527088508368
ipAddress: 81.97.132.68
lastlocation:
  world: Survival
  x: 128.0
  y: 76.0
  z: 544.0
  yaw: 0.0
  pitch: 0.0
logoutlocation:
  world: Survival
  x: 206.48033967480052
  y: 63.0
  z: -193.41469228231406
  yaw: -108.05646
  pitch: 14.220801
