lastAccountName: GreyWolf92
timestamps:
  login: 1527109291276
  logout: 1527109977747
  lastteleport: 1527109920976
ipAddress: 81.97.132.68
lastlocation:
  world: Survival
  x: 285.55167076510827
  y: 65.0
  z: 57.639818223227884
  yaw: -127.755
  pitch: 11.550362
logoutlocation:
  world: Survival
  x: 27932.304692428297
  y: 61.0
  z: 42202.0144723061
  yaw: 2.727478
  pitch: 23.587753
money: '25.0'
homes:
  home:
    world: Survival
    x: 27929.499322634998
    y: 61.0
    z: 42205.717836815864
    yaw: 270.656
    pitch: 24.400433
