lastAccountName: GreyWolf92
timestamps:
  login: 1528144239585
  logout: 1528144221242
  lastteleport: 1528144341225
  kits:
    diamond: 1527338070294
ipAddress: 81.97.132.68
lastlocation:
  world: Survival
  x: 123.1957919430754
  y: 70.0
  z: 530.2572745886198
  yaw: -149.66022
  pitch: 9.924866
logoutlocation:
  world: Survival
  x: 128.5
  y: 76.0
  z: 544.5
  yaw: 85.918076
  pitch: 12.750047
money: '25.0'
homes:
  home:
    world: Survival
    x: 27929.499322634998
    y: 61.0
    z: 42205.717836815864
    yaw: 270.656
    pitch: 24.400433
