lastAccountName: GreyWolf92
timestamps:
  login: 1527428633697
  logout: 1527338377305
  lastteleport: 1527428836342
  kits:
    diamond: 1527338070294
ipAddress: 81.97.132.68
lastlocation:
  world: Survival
  x: 27886.30000001192
  y: 44.0
  z: 42259.69999998808
  yaw: 290.0838
  pitch: -44.14063
logoutlocation:
  world: Survival
  x: 27932.64621848362
  y: 61.0
  z: 42201.535050766724
  yaw: 283.4664
  pitch: 38.75883
money: '25.0'
homes:
  home:
    world: Survival
    x: 27929.499322634998
    y: 61.0
    z: 42205.717836815864
    yaw: 270.656
    pitch: 24.400433
