lastAccountName: GreyWolf92
timestamps:
  login: 1527260433444
  logout: 1527173803368
  lastteleport: 1527260656009
ipAddress: 81.97.132.68
lastlocation:
  world: Survival
  x: -11265.300000011921
  y: 64.0
  z: -2001.6613926491787
  yaw: 129.41855
  pitch: 12.949917
logoutlocation:
  world: Survival
  x: 27932.22376598896
  y: 61.0
  z: 42202.49096856475
  yaw: 306.30035
  pitch: 20.25934
money: '25.0'
homes:
  home:
    world: Survival
    x: 27929.499322634998
    y: 61.0
    z: 42205.717836815864
    yaw: 270.656
    pitch: 24.400433
