lastAccountName: GreyWolf92
timestamps:
  login: 1527105085356
  logout: 1527095272491
  lastteleport: 1527106552415
ipAddress: 81.97.132.68
lastlocation:
  world: Survival
  x: 42078.51422847194
  y: 73.0
  z: 20476.200127153625
  yaw: -254.92798
  pitch: 12.036366
logoutlocation:
  world: Survival
  x: 27934.30000001192
  y: 61.0
  z: 42208.34673520049
  yaw: -152.98758
  pitch: 15.849237
money: '25.0'
homes:
  home:
    world: Survival
    x: 27929.499322634998
    y: 61.0
    z: 42205.717836815864
    yaw: 270.656
    pitch: 24.400433
