lastAccountName: GreyWolf92
timestamps:
  login: 1527172865468
  logout: 1527109977747
  lastteleport: 1527173536661
ipAddress: 81.97.132.68
lastlocation:
  world: Survival
  x: 36575.70886901536
  y: 59.246865138141736
  z: 15498.189193423897
  yaw: 136.19818
  pitch: 17.106224
logoutlocation:
  world: Survival
  x: 27932.304692428297
  y: 61.0
  z: 42202.0144723061
  yaw: 2.727478
  pitch: 23.587753
money: '25.0'
homes:
  home:
    world: Survival
    x: 27929.499322634998
    y: 61.0
    z: 42205.717836815864
    yaw: 270.656
    pitch: 24.400433
