lastAccountName: GreyWolf92
timestamps:
  login: 1527172865468
  logout: 1527109977747
  lastteleport: 1527173760081
ipAddress: 81.97.132.68
lastlocation:
  world: Staff
  x: 1833.5332767738116
  y: 55.0
  z: -743.5231769265686
  yaw: 94.255615
  pitch: 8.316145
logoutlocation:
  world: Survival
  x: 27932.304692428297
  y: 61.0
  z: 42202.0144723061
  yaw: 2.727478
  pitch: 23.587753
money: '25.0'
homes:
  home:
    world: Survival
    x: 27929.499322634998
    y: 61.0
    z: 42205.717836815864
    yaw: 270.656
    pitch: 24.400433
