lastAccountName: GreyWolf92
timestamps:
  login: 1528019583400
  logout: 1527428855264
  lastteleport: 1528019739780
  kits:
    diamond: 1527338070294
ipAddress: 81.97.132.68
lastlocation:
  world: Survival
  x: 27898.529736996148
  y: 71.0
  z: 42225.42985660798
  yaw: 247.35718
  pitch: 13.873485
logoutlocation:
  world: Survival
  x: 27929.216373581763
  y: 61.0
  z: 42201.01540702539
  yaw: 320.96838
  pitch: 14.144458
money: '25.0'
homes:
  home:
    world: Survival
    x: 27929.499322634998
    y: 61.0
    z: 42205.717836815864
    yaw: 270.656
    pitch: 24.400433
