lastAccountName: GreyWolf92
timestamps:
  login: 1528143475373
  logout: 1528061256677
  lastteleport: 1528143762999
  kits:
    diamond: 1527338070294
ipAddress: 81.97.132.68
lastlocation:
  world: Survival
  x: -11296.70529870572
  y: 65.0625
  z: -2000.5224586082268
  yaw: 262.2434
  pitch: 15.388041
logoutlocation:
  world: Survival
  x: 27932.119544946418
  y: 61.0
  z: 42202.03376842346
  yaw: 339.43042
  pitch: 23.125744
money: '25.0'
homes:
  home:
    world: Survival
    x: 27929.499322634998
    y: 61.0
    z: 42205.717836815864
    yaw: 270.656
    pitch: 24.400433
