lastAccountName: GreyWolf92
timestamps:
  login: 1527172865468
  logout: 1527109977747
  lastteleport: 1527173568711
ipAddress: 81.97.132.68
lastlocation:
  world: Survival
  x: 27929.445999329855
  y: 61.0
  z: 42204.99952519286
  yaw: 124.40153
  pitch: 14.72498
logoutlocation:
  world: Survival
  x: 27932.304692428297
  y: 61.0
  z: 42202.0144723061
  yaw: 2.727478
  pitch: 23.587753
money: '25.0'
homes:
  home:
    world: Survival
    x: 27929.499322634998
    y: 61.0
    z: 42205.717836815864
    yaw: 270.656
    pitch: 24.400433
