lastAccountName: GreyWolf92
timestamps:
  login: 1527109291276
  logout: 1527106787579
  lastteleport: 1527109692091
ipAddress: 81.97.132.68
lastlocation:
  world: Survival
  x: 27932.833821371314
  y: 61.0
  z: 42200.97788901063
  yaw: 330.6052
  pitch: 17.97599
logoutlocation:
  world: Survival
  x: 27932.552410461616
  y: 61.0
  z: 42201.98955361708
  yaw: 12.950012
  pitch: 13.602606
money: '25.0'
homes:
  home:
    world: Survival
    x: 27929.499322634998
    y: 61.0
    z: 42205.717836815864
    yaw: 270.656
    pitch: 24.400433
