lastAccountName: GreyWolf92
timestamps:
  login: 1527337955563
  logout: 1527260673006
  lastteleport: 1527338012331
ipAddress: 81.97.132.68
lastlocation:
  world: Survival
  x: 132.38193023738083
  y: 76.0
  z: 541.2113822422917
  yaw: 271.57108
  pitch: 29.972363
logoutlocation:
  world: Survival
  x: 128.5
  y: 76.0
  z: 544.5
  yaw: 93.00051
  pitch: 13.562786
money: '25.0'
homes:
  home:
    world: Survival
    x: 27929.499322634998
    y: 61.0
    z: 42205.717836815864
    yaw: 270.656
    pitch: 24.400433
