lastAccountName: GreyWolf92
timestamps:
  login: 1527260433444
  logout: 1527173803368
  lastteleport: 1527260602953
ipAddress: 81.97.132.68
lastlocation:
  world: Survival
  x: 30670.806051720807
  y: 65.5
  z: 35988.950732232544
  yaw: -102.44928
  pitch: 12.446301
logoutlocation:
  world: Survival
  x: 27932.22376598896
  y: 61.0
  z: 42202.49096856475
  yaw: 306.30035
  pitch: 20.25934
money: '25.0'
homes:
  home:
    world: Survival
    x: 27929.499322634998
    y: 61.0
    z: 42205.717836815864
    yaw: 270.656
    pitch: 24.400433
