lastAccountName: GreyWolf92
timestamps:
  login: 1528019583400
  logout: 1527428855264
  lastteleport: 1527428836342
  kits:
    diamond: 1527338070294
ipAddress: 81.97.132.68
lastlocation:
  world: Survival
  x: 27886.30000001192
  y: 44.0
  z: 42259.69999998808
  yaw: 290.0838
  pitch: -44.14063
logoutlocation:
  world: Survival
  x: 27929.216373581763
  y: 61.0
  z: 42201.01540702539
  yaw: 320.96838
  pitch: 14.144458
money: '25.0'
homes:
  home:
    world: Survival
    x: 27929.499322634998
    y: 61.0
    z: 42205.717836815864
    yaw: 270.656
    pitch: 24.400433
