lastAccountName: GreyWolf92
timestamps:
  login: 1528664685041
  logout: 1528219491275
  lastteleport: 1528664849349
  kits:
    diamond: 1527338070294
ipAddress: 81.97.132.68
lastlocation:
  world: Survival
  x: -11292.735919683386
  y: 64.0
  z: -2001.8818194988858
  yaw: 107.362854
  pitch: 2.1134634
logoutlocation:
  world: Survival
  x: 27932.032598911934
  y: 61.0
  z: 42202.07312591196
  yaw: 12.60083
  pitch: 15.034521
money: '25.0'
homes:
  home:
    world: Survival
    x: 27929.499322634998
    y: 61.0
    z: 42205.717836815864
    yaw: 270.656
    pitch: 24.400433
