lastAccountName: GreyWolf92
timestamps:
  login: 1527105085356
  logout: 1527106787579
  lastteleport: 1527106552415
ipAddress: 81.97.132.68
lastlocation:
  world: Survival
  x: 42078.51422847194
  y: 73.0
  z: 20476.200127153625
  yaw: -254.92798
  pitch: 12.036366
logoutlocation:
  world: Survival
  x: 27932.552410461616
  y: 61.0
  z: 42201.98955361708
  yaw: 12.950012
  pitch: 13.602606
money: '25.0'
homes:
  home:
    world: Survival
    x: 27929.499322634998
    y: 61.0
    z: 42205.717836815864
    yaw: 270.656
    pitch: 24.400433
