lastAccountName: GreyWolf92
timestamps:
  login: 1528144239585
  logout: 1528144221242
  lastteleport: 1528144129189
  kits:
    diamond: 1527338070294
ipAddress: 81.97.132.68
lastlocation:
  world: Survival
  x: 27931.085505596457
  y: 61.0
  z: 42203.293969491926
  yaw: 311.22192
  pitch: 13.215557
logoutlocation:
  world: Survival
  x: 128.5
  y: 76.0
  z: 544.5
  yaw: 85.918076
  pitch: 12.750047
money: '25.0'
homes:
  home:
    world: Survival
    x: 27929.499322634998
    y: 61.0
    z: 42205.717836815864
    yaw: 270.656
    pitch: 24.400433
