lastAccountName: linklover26
timestamps:
  login: 1530901150687
  logout: 1530902297684
ipAddress: 198.148.28.205
lastlocation:
  world: Survival
  x: 111.94707068303008
  y: 70.0
  z: 527.4224703521876
  yaw: 17.281738
  pitch: 13.6539755
logoutlocation:
  world: Creative
  x: -371.89494712081756
  y: 69.45034642788919
  z: -160.61361912640703
  yaw: -80.584625
  pitch: 54.242622
