lastAccountName: IDemoniicHypeI
timestamps:
  login: 1525126245423
  lastteleport: 1525123853956
  logout: 1525125506278
ipAddress: 97.83.124.153
lastlocation:
  world: Survival
  x: 130.86043233072667
  y: 74.5
  z: 535.8364267590746
  yaw: -198.33191
  pitch: 45.600048
logoutlocation:
  world: Creative
  x: 102.18805244078318
  y: 82.48230286607809
  z: -10.888220524104154
  yaw: -138.91943
  pitch: 65.8498
