lastAccountName: IDemoniicHypeI
timestamps:
  login: 1525123688140
  lastteleport: 1525123853956
ipAddress: 97.83.124.153
lastlocation:
  world: Survival
  x: 130.86043233072667
  y: 74.5
  z: 535.8364267590746
  yaw: -198.33191
  pitch: 45.600048
