lastAccountName: IDemoniicHypeI
timestamps:
  login: 1525126245423
  lastteleport: 1525123853956
  logout: 1525129485082
ipAddress: 97.83.124.153
lastlocation:
  world: Survival
  x: 130.86043233072667
  y: 74.5
  z: 535.8364267590746
  yaw: -198.33191
  pitch: 45.600048
logoutlocation:
  world: Creative
  x: 129.80668308517946
  y: 82.48230286607809
  z: -33.61164838138146
  yaw: -342.61935
  pitch: 41.999794
afk: false
