geolocation: United States
lastAccountName: BeaverGaming
timestamps:
  login: 1525037322363
  logout: 1525038115013
ipAddress: 66.31.230.207
lastlocation:
  world: Survival
  x: 128.0
  y: 76.0
  z: 544.0
  yaw: 0.0
  pitch: 0.0
logoutlocation:
  world: Survival
  x: 120.1967514436067
  y: 72.5
  z: 547.3000000119209
  yaw: -216.9318
  pitch: 34.04998
