geolocation: United States
lastAccountName: BeaverGaming
timestamps:
  login: 1525015062058
  logout: 1525015035242
ipAddress: 66.31.230.207
lastlocation:
  world: Survival
  x: 128.0
  y: 76.0
  z: 544.0
  yaw: 0.0
  pitch: 0.0
logoutlocation:
  world: Survival
  x: 126.80438764281496
  y: 76.0
  z: 540.9536961184563
  yaw: 298.01816
  pitch: 42.90004
