geolocation: United States
lastAccountName: BeaverGaming
timestamps:
  login: 1525033765671
  logout: 1525033896504
ipAddress: 66.31.230.207
lastlocation:
  world: Survival
  x: 128.0
  y: 76.0
  z: 544.0
  yaw: 0.0
  pitch: 0.0
logoutlocation:
  world: Survival
  x: 126.02243629109597
  y: 75.5
  z: 551.7598170102534
  yaw: 96.56818
  pitch: 30.749987
