geolocation: United States
lastAccountName: BeaverGaming
timestamps:
  login: 1525015377906
  logout: 1525015228179
ipAddress: 66.31.230.207
lastlocation:
  world: Survival
  x: 128.0
  y: 76.0
  z: 544.0
  yaw: 0.0
  pitch: 0.0
logoutlocation:
  world: Survival
  x: 119.10712531294402
  y: 70.0
  z: 559.3386916018409
  yaw: 14.518127
  pitch: 55.199993
