geolocation: United States
lastAccountName: BeaverGaming
timestamps:
  login: 1525033765671
  logout: 1525015405934
ipAddress: 66.31.230.207
lastlocation:
  world: Survival
  x: 128.0
  y: 76.0
  z: 544.0
  yaw: 0.0
  pitch: 0.0
logoutlocation:
  world: Survival
  x: 124.32526665443342
  y: 71.16610926093821
  z: 561.1436860605558
  yaw: -24.331873
  pitch: 11.699995
