lastAccountName: saggyy
timestamps:
  login: 1532534813487
  logout: 1532534813976
ipAddress: 185.190.197.19
lastlocation:
  world: Survival
  x: 128.0
  y: 76.0
  z: 544.0
  yaw: 0.0
  pitch: 0.0
logoutlocation:
  world: Survival
  x: 128.5
  y: 76.0
  z: 544.5
  yaw: 85.918076
  pitch: 12.750047
