lastAccountName: iUseVapeGG
timestamps:
  login: 1526939469491
  logout: 1526939126736
  lastteleport: 1525215985754
ipAddress: 136.61.17.211
lastlocation:
  world: Survival
  x: 11761.5
  y: 78.0
  z: 8674.5
  yaw: 306.93396
  pitch: 25.200026
logoutlocation:
  world: Survival
  x: 116.19632357884649
  y: 70.0
  z: 550.2135138908941
  yaw: -44.58756
  pitch: 29.778898
homes:
  home:
    world: Survival
    x: 11761.619190338068
    y: 78.0
    z: 8674.308228275275
    yaw: 306.93396
    pitch: 25.200026
