lastAccountName: iUseVapeGG
timestamps:
  login: 1526939959634
  logout: 1526939789895
  lastteleport: 1525215985754
ipAddress: 136.61.17.211
lastlocation:
  world: Survival
  x: 11761.5
  y: 78.0
  z: 8674.5
  yaw: 306.93396
  pitch: 25.200026
logoutlocation:
  world: Survival
  x: 131.35498960879613
  y: 77.02442408821369
  z: 551.4158728139798
  yaw: 14.986207
  pitch: 54.534058
homes:
  home:
    world: Survival
    x: 11761.619190338068
    y: 78.0
    z: 8674.308228275275
    yaw: 306.93396
    pitch: 25.200026
