lastAccountName: AgentXI
timestamps:
  login: 1525215554946
  logout: 1525215554607
  lastteleport: 1525215284579
ipAddress: 136.61.17.211
lastlocation:
  world: Survival
  x: 133.02417500006058
  y: 77.5
  z: 546.1656828976598
  yaw: -243.78172
  pitch: 55.65006
logoutlocation:
  world: Survival
  x: 11833.768941533366
  y: 66.16610926093821
  z: 8744.609644273038
  yaw: 268.08472
  pitch: 1.0499868
homes:
  home:
    world: Survival
    x: 11761.619190338068
    y: 78.0
    z: 8674.308228275275
    yaw: 306.93396
    pitch: 25.200026
