lastAccountName: iUseVapeGG
timestamps:
  login: 1526940465727
  logout: 1526940500895
  lastteleport: 1525215985754
ipAddress: 136.61.17.211
lastlocation:
  world: Survival
  x: 11761.5
  y: 78.0
  z: 8674.5
  yaw: 306.93396
  pitch: 25.200026
logoutlocation:
  world: Survival
  x: 131.94952751465655
  y: 76.0
  z: 541.6804084224593
  yaw: 188.96112
  pitch: 37.99922
homes:
  home:
    world: Survival
    x: 11761.619190338068
    y: 78.0
    z: 8674.308228275275
    yaw: 306.93396
    pitch: 25.200026
