lastAccountName: AgentXI
timestamps:
  login: 1525215163966
  logout: 1525214733698
ipAddress: 136.61.17.211
lastlocation:
  world: Survival
  x: 128.0
  y: 76.0
  z: 544.0
  yaw: 0.0
  pitch: 0.0
logoutlocation:
  world: Survival
  x: 128.5
  y: 76.0
  z: 544.5
  yaw: 85.918076
  pitch: 12.750047
