lastAccountName: iUseVapeGG
timestamps:
  login: 1526942537388
  logout: 1526942712852
  lastteleport: 1525215985754
ipAddress: 136.61.17.211
lastlocation:
  world: Survival
  x: 11761.5
  y: 78.0
  z: 8674.5
  yaw: 306.93396
  pitch: 25.200026
logoutlocation:
  world: Survival
  x: 129.01949045051373
  y: 70.0
  z: 557.4339892073542
  yaw: -64.33351
  pitch: 47.105225
homes:
  home:
    world: Survival
    x: 11761.619190338068
    y: 78.0
    z: 8674.308228275275
    yaw: 306.93396
    pitch: 25.200026
afk: false
