lastAccountName: iUseVapeGG
timestamps:
  login: 1526942537388
  logout: 1526942529394
  lastteleport: 1525215985754
ipAddress: 136.61.17.211
lastlocation:
  world: Survival
  x: 11761.5
  y: 78.0
  z: 8674.5
  yaw: 306.93396
  pitch: 25.200026
logoutlocation:
  world: Survival
  x: 134.30000001192093
  y: 76.91999998688698
  z: 542.4158632532816
  yaw: 262.52893
  pitch: 43.51081
homes:
  home:
    world: Survival
    x: 11761.619190338068
    y: 78.0
    z: 8674.308228275275
    yaw: 306.93396
    pitch: 25.200026
afk: false
