lastAccountName: iUseVapeGG
timestamps:
  login: 1526942499428
  logout: 1526941330514
  lastteleport: 1525215985754
ipAddress: 136.61.17.211
lastlocation:
  world: Survival
  x: 11761.5
  y: 78.0
  z: 8674.5
  yaw: 306.93396
  pitch: 25.200026
logoutlocation:
  world: Survival
  x: 137.6410453908441
  y: 72.0
  z: 540.7122103043554
  yaw: 293.68146
  pitch: 16.9113
homes:
  home:
    world: Survival
    x: 11761.619190338068
    y: 78.0
    z: 8674.308228275275
    yaw: 306.93396
    pitch: 25.200026
afk: false
