lastAccountName: AgentXI
timestamps:
  login: 1525215554946
  logout: 1525215554607
  lastteleport: 1525215596976
ipAddress: 136.61.17.211
lastlocation:
  world: Survival
  x: 11845.433533652244
  y: 71.0
  z: 8743.433893694262
  yaw: 265.68484
  pitch: 30.449974
logoutlocation:
  world: Survival
  x: 11833.768941533366
  y: 66.16610926093821
  z: 8744.609644273038
  yaw: 268.08472
  pitch: 1.0499868
homes:
  home:
    world: Survival
    x: 11761.619190338068
    y: 78.0
    z: 8674.308228275275
    yaw: 306.93396
    pitch: 25.200026
