lastAccountName: iUseVapeGG
timestamps:
  login: 1526939580287
  logout: 1526939542350
  lastteleport: 1525215985754
ipAddress: 136.61.17.211
lastlocation:
  world: Survival
  x: 11761.5
  y: 78.0
  z: 8674.5
  yaw: 306.93396
  pitch: 25.200026
logoutlocation:
  world: Survival
  x: 121.30207247813382
  y: 74.0
  z: 548.6999999880791
  yaw: 99.193504
  pitch: 46.07408
homes:
  home:
    world: Survival
    x: 11761.619190338068
    y: 78.0
    z: 8674.308228275275
    yaw: 306.93396
    pitch: 25.200026
