lastAccountName: AgentXI
timestamps:
  login: 1525215163966
  logout: 1525214733698
  lastteleport: 1525215284579
ipAddress: 136.61.17.211
lastlocation:
  world: Survival
  x: 133.02417500006058
  y: 77.5
  z: 546.1656828976598
  yaw: -243.78172
  pitch: 55.65006
logoutlocation:
  world: Survival
  x: 128.5
  y: 76.0
  z: 544.5
  yaw: 85.918076
  pitch: 12.750047
