lastAccountName: iUseVapeGG
timestamps:
  login: 1526940225042
  logout: 1526940381190
  lastteleport: 1525215985754
ipAddress: 136.61.17.211
lastlocation:
  world: Survival
  x: 11761.5
  y: 78.0
  z: 8674.5
  yaw: 306.93396
  pitch: 25.200026
logoutlocation:
  world: Survival
  x: 131.32692444462202
  y: 74.57969854367613
  z: 537.2053792597998
  yaw: 190.15935
  pitch: 24.340004
homes:
  home:
    world: Survival
    x: 11761.619190338068
    y: 78.0
    z: 8674.308228275275
    yaw: 306.93396
    pitch: 25.200026
