lastAccountName: iUseVapeGG
timestamps:
  login: 1526939959634
  logout: 1526940087047
  lastteleport: 1525215985754
ipAddress: 136.61.17.211
lastlocation:
  world: Survival
  x: 11761.5
  y: 78.0
  z: 8674.5
  yaw: 306.93396
  pitch: 25.200026
logoutlocation:
  world: Survival
  x: 141.99994775144182
  y: 70.0
  z: 547.7715144871797
  yaw: 190.15935
  pitch: 24.340004
homes:
  home:
    world: Survival
    x: 11761.619190338068
    y: 78.0
    z: 8674.308228275275
    yaw: 306.93396
    pitch: 25.200026
