geolocation: Canada
lastAccountName: Xgk
timestamps:
  login: 1523200633804
  logout: 1523203580870
  command-cooldowns:
  - pattern: .*( .*)?
    expiry: 1523203570518
  kits:
    diamond: 1523199927810
    starter: 1523146227175
    color: 1523148537712
    iron: 1523198790809
    starter-2: 1523197826403
    claim: 1523202229428
  lastteleport: 1523203097200
ipAddress: 67.68.62.33
lastlocation:
  world: Survival
  x: 99.5
  y: 73.0
  z: 713.5
  yaw: 7.8796115
  pitch: 7.9196267
logoutlocation:
  world: Survival
  x: 70.85143044267735
  y: 71.61444986823086
  z: 682.1186616154814
  yaw: 334.22128
  pitch: -2.6292584
godmode: false
afk: false
money: '5.0'
homes:
  home:
    world: Survival
    x: 256.31494668468366
    y: 12.0
    z: 148.5762608557038
    yaw: 185.70242
    pitch: 15.937363
nickname: Xgk
