lastAccountName: Untrimmed
timestamps:
  login: 1524600756234
  logout: 1524600766723
ipAddress: 71.94.118.14
lastlocation:
  world: Survival
  x: 128.0
  y: 76.0
  z: 544.0
  yaw: 0.0
  pitch: 0.0
geolocation: United States
logoutlocation:
  world: Survival
  x: 128.5
  y: 76.0
  z: 544.5
  yaw: 254.36807
  pitch: 14.100062
