lastAccountName: Untrimmed
timestamps:
  login: 1524703408670
  logout: 1524703168027
  lastteleport: 1524706856039
  command-cooldowns:
  - pattern: .*( .*)?
    expiry: 1524706850818
  kits:
    claim: 1524688194983
ipAddress: 71.94.118.14
lastlocation:
  world: Survival
  x: 31011.75427356334
  y: 10.0
  z: 35973.35444403788
  yaw: 91.44208
  pitch: 27.0001
geolocation: United States
logoutlocation:
  world: Survival
  x: 30677.41039839276
  y: 66.0
  z: 36001.53402588215
  yaw: 21.661743
  pitch: 26.549822
