lastAccountName: Untrimmed
timestamps:
  login: 1524703408670
  logout: 1524703168027
  lastteleport: 1524707300794
  command-cooldowns:
  - pattern: .*( .*)?
    expiry: 1524707301796
  kits:
    claim: 1524688194983
ipAddress: 71.94.118.14
lastlocation:
  world: Survival
  x: 30743.30000001192
  y: 68.0
  z: 36041.44845924948
  yaw: -267.04608
  pitch: 24.24311
geolocation: United States
logoutlocation:
  world: Survival
  x: 30677.41039839276
  y: 66.0
  z: 36001.53402588215
  yaw: 21.661743
  pitch: 26.549822
