lastAccountName: Untrimmed
timestamps:
  login: 1524697253467
  logout: 1524696899718
  lastteleport: 1524689755249
  command-cooldowns:
  - pattern: .*( .*)?
    expiry: 1524693887081
  kits:
    claim: 1524688194983
ipAddress: 71.94.118.14
lastlocation:
  world: Survival
  x: 30890.77310253706
  y: 79.0
  z: 36704.490735782485
  yaw: 168.28815
  pitch: 15.5184
geolocation: United States
logoutlocation:
  world: Survival
  x: 30688.69999998808
  y: 60.0
  z: 35965.30000001192
  yaw: 38.500732
  pitch: -1.0181271
