lastAccountName: Untrimmed
timestamps:
  login: 1524703408670
  logout: 1524703168027
  lastteleport: 1524711974033
  command-cooldowns:
  - pattern: .*( .*)?
    expiry: 1524711971133
  kits:
    claim: 1524688194983
ipAddress: 71.94.118.14
lastlocation:
  world: Survival
  x: 5959.300000011921
  y: 11.0
  z: 14058.789613056402
  yaw: 188.90288
  pitch: 23.8705
geolocation: United States
logoutlocation:
  world: Survival
  x: 30677.41039839276
  y: 66.0
  z: 36001.53402588215
  yaw: 21.661743
  pitch: 26.549822
