lastAccountName: Untrimmed
timestamps:
  login: 1524600834916
  logout: 1524600766723
  lastteleport: 1524601053627
  command-cooldowns:
  - pattern: .*( .*)?
    expiry: 1524601084070
ipAddress: 71.94.118.14
lastlocation:
  world: Survival
  x: 145.96637750718816
  y: 70.0
  z: 553.5042724485867
  yaw: 272.72137
  pitch: 9.888697
geolocation: United States
logoutlocation:
  world: Survival
  x: 128.5
  y: 76.0
  z: 544.5
  yaw: 254.36807
  pitch: 14.100062
