lastAccountName: Untrimmed
timestamps:
  login: 1524703408670
  logout: 1524712753754
  lastteleport: 1524712369476
  command-cooldowns:
  - pattern: .*( .*)?
    expiry: 1524712738873
  kits:
    claim: 1524688194983
ipAddress: 71.94.118.14
lastlocation:
  world: Survival
  x: 30847.79417060787
  y: 11.0
  z: 35873.15279706823
  yaw: 89.69922
  pitch: 22.349932
geolocation: United States
logoutlocation:
  world: Survival
  x: 46321.30000001192
  y: 68.0
  z: 23299.69999998808
  yaw: 50.549904
  pitch: 88.34998
