lastAccountName: Untrimmed
timestamps:
  login: 1524703408670
  logout: 1524703168027
  lastteleport: 1524712369476
  command-cooldowns:
  - pattern: .*( .*)?
    expiry: 1524712738873
  kits:
    claim: 1524688194983
ipAddress: 71.94.118.14
lastlocation:
  world: Survival
  x: 30847.79417060787
  y: 11.0
  z: 35873.15279706823
  yaw: 89.69922
  pitch: 22.349932
geolocation: United States
logoutlocation:
  world: Survival
  x: 30677.41039839276
  y: 66.0
  z: 36001.53402588215
  yaw: 21.661743
  pitch: 26.549822
