lastAccountName: Untrimmed
timestamps:
  login: 1524685651689
  logout: 1524685614916
  lastteleport: 1524606241459
  command-cooldowns:
  - pattern: .*( .*)?
    expiry: 1524689748735
  kits:
    claim: 1524688194983
ipAddress: 71.94.118.14
lastlocation:
  world: Survival
  x: 159.70321582590128
  y: 69.0
  z: 547.1545792876084
  yaw: 268.91852
  pitch: 30.000065
geolocation: United States
logoutlocation:
  world: Survival
  x: 30668.64374380526
  y: 58.0
  z: 35967.74156088723
  yaw: 151.62224
  pitch: 37.349964
