lastAccountName: Untrimmed
timestamps:
  login: 1524685651689
  logout: 1524685614916
  lastteleport: 1524689755249
  command-cooldowns:
  - pattern: .*( .*)?
    expiry: 1524689748735
  kits:
    claim: 1524688194983
ipAddress: 71.94.118.14
lastlocation:
  world: Survival
  x: 30890.77310253706
  y: 79.0
  z: 36704.490735782485
  yaw: 168.28815
  pitch: 15.5184
geolocation: United States
logoutlocation:
  world: Survival
  x: 30668.64374380526
  y: 58.0
  z: 35967.74156088723
  yaw: 151.62224
  pitch: 37.349964
