lastAccountName: Untrimmed
timestamps:
  login: 1524600834916
  logout: 1524622119985
  lastteleport: 1524606241459
  command-cooldowns:
  - pattern: .*( .*)?
    expiry: 1524614834681
  kits:
    claim: 1524612120812
ipAddress: 71.94.118.14
lastlocation:
  world: Survival
  x: 159.70321582590128
  y: 69.0
  z: 547.1545792876084
  yaw: 268.91852
  pitch: 30.000065
geolocation: United States
logoutlocation:
  world: Survival
  x: 30687.533733516553
  y: 64.0
  z: 35976.30000001192
  yaw: 189.61914
  pitch: 34.64985
