lastAccountName: Untrimmed
timestamps:
  login: 1524600834916
  logout: 1524600766723
  lastteleport: 1524601053627
  command-cooldowns:
  - pattern: .*( .*)?
    expiry: 1524602475388
ipAddress: 71.94.118.14
lastlocation:
  world: Survival
  x: 127.65296375235991
  y: 76.0
  z: 544.5759700741861
  yaw: 84.118065
  pitch: 18.300047
geolocation: United States
logoutlocation:
  world: Survival
  x: 128.5
  y: 76.0
  z: 544.5
  yaw: 254.36807
  pitch: 14.100062
