lastAccountName: Untrimmed
timestamps:
  login: 1524703408670
  logout: 1524703168027
  lastteleport: 1524709779506
  command-cooldowns:
  - pattern: .*( .*)?
    expiry: 1524710648168
  kits:
    claim: 1524688194983
ipAddress: 71.94.118.14
lastlocation:
  world: Survival
  x: 36535.69818360498
  y: 60.0
  z: 46549.93281673289
  yaw: -185.39961
  pitch: 8.099955
geolocation: United States
logoutlocation:
  world: Survival
  x: 30677.41039839276
  y: 66.0
  z: 36001.53402588215
  yaw: 21.661743
  pitch: 26.549822
