lastAccountName: Untrimmed
timestamps:
  login: 1524699662385
  logout: 1524697569440
  lastteleport: 1524689755249
  command-cooldowns:
  - pattern: .*( .*)?
    expiry: 1524693887081
  kits:
    claim: 1524688194983
ipAddress: 71.94.118.14
lastlocation:
  world: Survival
  x: 30890.77310253706
  y: 79.0
  z: 36704.490735782485
  yaw: 168.28815
  pitch: 15.5184
geolocation: United States
logoutlocation:
  world: Survival
  x: 30680.318749945545
  y: 66.0
  z: 35998.39211726671
  yaw: -5.5988464
  pitch: 26.699907
