lastAccountName: Untrimmed
timestamps:
  login: 1524703408670
  logout: 1524703168027
  lastteleport: 1524707590819
  command-cooldowns:
  - pattern: .*( .*)?
    expiry: 1524709665351
  kits:
    claim: 1524688194983
ipAddress: 71.94.118.14
lastlocation:
  world: Survival
  x: 26280.49249715581
  y: 72.0
  z: 1822.583737963643
  yaw: -29.549822
  pitch: 16.499943
geolocation: United States
logoutlocation:
  world: Survival
  x: 30677.41039839276
  y: 66.0
  z: 36001.53402588215
  yaw: 21.661743
  pitch: 26.549822
