lastAccountName: Untrimmed
timestamps:
  login: 1524703408670
  logout: 1524703168027
  lastteleport: 1524689755249
  command-cooldowns:
  - pattern: .*( .*)?
    expiry: 1524693887081
  kits:
    claim: 1524688194983
ipAddress: 71.94.118.14
lastlocation:
  world: Survival
  x: 30890.77310253706
  y: 79.0
  z: 36704.490735782485
  yaw: 168.28815
  pitch: 15.5184
geolocation: United States
logoutlocation:
  world: Survival
  x: 30677.41039839276
  y: 66.0
  z: 36001.53402588215
  yaw: 21.661743
  pitch: 26.549822
