lastAccountName: Untrimmed
timestamps:
  login: 1524703408670
  logout: 1524703168027
  lastteleport: 1524712064045
  command-cooldowns:
  - pattern: .*( .*)?
    expiry: 1524712066037
  kits:
    claim: 1524688194983
ipAddress: 71.94.118.14
lastlocation:
  world: Survival
  x: 33810.99001308229
  y: 17.0
  z: 19957.97367095974
  yaw: 272.82892
  pitch: 27.45035
geolocation: United States
logoutlocation:
  world: Survival
  x: 30677.41039839276
  y: 66.0
  z: 36001.53402588215
  yaw: 21.661743
  pitch: 26.549822
