lastAccountName: MyTale
timestamps:
  login: 1528988589615
  logout: 1528989506495
ipAddress: 85.195.19.64
lastlocation:
  world: Survival
  x: 128.0
  y: 76.0
  z: 544.0
  yaw: 0.0
  pitch: 0.0
logoutlocation:
  world: Survival
  x: 131.3604701966541
  y: 76.0
  z: 542.7353991353967
  yaw: 53.470192
  pitch: 23.423166
