geolocation: United Kingdom
lastAccountName: opdetinator
timestamps:
  login: 1524353093499
  command-cooldowns:
  - pattern: .*( .*)?
    expiry: 1524353256422
  logout: 1524353287168
ipAddress: 86.17.190.40
lastlocation:
  world: Survival
  x: 128.0
  y: 76.0
  z: 544.0
  yaw: 0.0
  pitch: 0.0
logoutlocation:
  world: Survival
  x: 126.26652687094398
  y: 76.0
  z: 543.6126803830474
  yaw: -336.6454
  pitch: 25.055971
