lastAccountName: BJULTIMA
timestamps:
  login: 1527461944337
  logout: 1527462021518
ipAddress: 71.206.40.58
lastlocation:
  world: Survival
  x: 128.0
  y: 76.0
  z: 544.0
  yaw: 0.0
  pitch: 0.0
logoutlocation:
  world: Survival
  x: 130.70570649971148
  y: 76.0
  z: 544.1175915410583
  yaw: 114.41804
  pitch: 27.300026
