lastAccountName: BJULTIMA
timestamps:
  login: 1527518299690
  logout: 1527518445024
ipAddress: 71.206.40.58
lastlocation:
  world: Survival
  x: 37562.26982893469
  y: 78.0
  z: 40359.30000001192
  yaw: 171.15
  pitch: 16.199987
logoutlocation:
  world: Creative
  x: -203.75281506491044
  y: 66.0
  z: 232.18045833288346
  yaw: -0.75457764
  pitch: 49.20007
