lastAccountName: BJULTIMA
timestamps:
  login: 1527518299690
  logout: 1527462302959
ipAddress: 71.206.40.58
lastlocation:
  world: Survival
  x: 37562.26982893469
  y: 78.0
  z: 40359.30000001192
  yaw: 171.15
  pitch: 16.199987
logoutlocation:
  world: Survival
  x: 37552.19073799333
  y: 72.0
  z: 40367.0298190313
  yaw: 105.750015
  pitch: 25.349993
