lastAccountName: BJULTIMA
timestamps:
  login: 1527462111271
  logout: 1527462302959
ipAddress: 71.206.40.58
lastlocation:
  world: Survival
  x: 128.0
  y: 76.0
  z: 544.0
  yaw: 0.0
  pitch: 0.0
logoutlocation:
  world: Survival
  x: 37552.19073799333
  y: 72.0
  z: 40367.0298190313
  yaw: 105.750015
  pitch: 25.349993
