lastAccountName: spacemangreg81
timestamps:
  login: 1528765479363
  logout: 1528765514341
ipAddress: 172.72.135.74
lastlocation:
  world: Survival
  x: 128.0
  y: 76.0
  z: 544.0
  yaw: 0.0
  pitch: 0.0
logoutlocation:
  world: Survival
  x: 128.63213710944333
  y: 76.0
  z: 548.0605147539229
  yaw: 331.05603
  pitch: 25.292006
