lastAccountName: spacemangreg81
timestamps:
  login: 1529421042705
  logout: 1529421076807
  lastteleport: 1528766561337
ipAddress: 172.72.135.74
lastlocation:
  world: Survival
  x: 21176.15395785401
  y: 101.25019164161719
  z: 17846.618238791223
  yaw: -167.13824
  pitch: 7.622174
logoutlocation:
  world: Survival
  x: 21140.577973875665
  y: 87.79400069684189
  z: 17829.569700618744
  yaw: -39.482117
  pitch: 26.805584
socialspy: false
afk: false
