lastAccountName: spacemangreg81
timestamps:
  login: 1528765479363
  logout: 1528765514341
ipAddress: 172.72.135.74
lastlocation:
  world: Survival
  x: 132.17897086666264
  y: 72.15814676123665
  z: 528.2488231635685
  yaw: 180.56378
  pitch: 14.745345
logoutlocation:
  world: Survival
  x: 128.63213710944333
  y: 76.0
  z: 548.0605147539229
  yaw: 331.05603
  pitch: 25.292006
socialspy: true
