lastAccountName: spacemangreg81
timestamps:
  login: 1528493927571
  logout: 1528322563909
ipAddress: 172.72.135.74
lastlocation:
  world: Survival
  x: 128.0
  y: 76.0
  z: 544.0
  yaw: 0.0
  pitch: 0.0
logoutlocation:
  world: Survival
  x: 121.97926353370254
  y: 70.0
  z: 531.743515661378
  yaw: 224.87714
  pitch: 5.9089823
