geolocation: Finland
lastAccountName: JONHOBBITTON
timestamps:
  login: 1523573328480
  command-cooldowns:
  - pattern: .*( .*)?
    expiry: 1523573345398
  lastteleport: 1523573344411
  logout: 1523573433338
ipAddress: 85.76.46.212
lastlocation:
  world: Staff
  x: 1836.9090616407773
  y: 55.849938181085825
  z: -734.294016773678
  yaw: -184.9703
  pitch: 12.428964
logoutlocation:
  world: Survival
  x: 279.68374169156925
  y: 68.0
  z: 519.7762006978677
  yaw: -250.82146
  pitch: 19.626165
