geolocation: Finland
lastAccountName: JONHOBBITTON
timestamps:
  login: 1523483603841
  command-cooldowns:
  - pattern: .*( .*)?
    expiry: 1523483928392
  lastteleport: 1523483796987
  logout: 1523483941999
ipAddress: 85.76.46.212
lastlocation:
  world: Survival
  x: 136.2534083730041
  y: 70.0
  z: 482.2448957047031
  yaw: -168.06592
  pitch: 12.942066
logoutlocation:
  world: Staff
  x: 1840.434556384073
  y: 57.704934028236735
  z: -747.7008973095212
  yaw: 46.92767
  pitch: 23.713215
