lastAccountName: Nokon_
timestamps:
  login: 1533499353232
  logout: 1533499385712
  lastteleport: 1530910169203
ipAddress: 98.29.147.129
lastlocation:
  world: Survival
  x: 131.07071851443186
  y: 69.0
  z: 604.9574818313463
  yaw: -9.727509
  pitch: 52.797596
logoutlocation:
  world: Staff
  x: 1834.0134267972005
  y: 55.0
  z: -740.6334334966667
  yaw: 68.521126
  pitch: 41.2134
