lastAccountName: Nokon_
timestamps:
  login: 1530910077750
  logout: 1530910300521
  lastteleport: 1530910169203
ipAddress: 98.29.147.129
lastlocation:
  world: Survival
  x: 131.07071851443186
  y: 69.0
  z: 604.9574818313463
  yaw: -9.727509
  pitch: 52.797596
logoutlocation:
  world: Staff
  x: 1843.8295615935567
  y: 55.612337664052696
  z: -742.3000000119209
  yaw: -256.8267
  pitch: 37.38584
