lastAccountName: XDaddyLongLegsX
timestamps:
  login: 1529877006433
  kits:
    starter: 1529877561263
    claim: 1529808819449
  lastteleport: 1529878263438
  logout: 1529878478215
ipAddress: 99.253.202.80
lastlocation:
  world: Survival
  x: 109.23000190476361
  y: 62.875
  z: 362.6586758475072
  yaw: 180.28223
  pitch: 42.299927
logoutlocation:
  world: Survival
  x: 178.30000001192093
  y: 66.0
  z: 326.5574225964046
  yaw: 107.54764
  pitch: 16.20019
afk: false
homes:
  home:
    world: Survival
    x: 154.71767794424665
    y: 74.0
    z: 289.0472281347363
    yaw: 88.19733
    pitch: 12.150161
  toplefttower:
    world: Survival
    x: 139.7119025441914
    y: 101.0
    z: 265.7513865039096
    yaw: -189.75159
    pitch: 7.8000135
  tlf:
    world: Survival
    x: 139.573072977007
    y: 101.0
    z: 265.91995595170243
    yaw: -189.75159
    pitch: 7.8000135
