lastAccountName: CrushinPlayz
timestamps:
  login: 1526940673373
  logout: 1526941277897
ipAddress: 107.179.142.173
lastlocation:
  world: Survival
  x: 128.0
  y: 76.0
  z: 544.0
  yaw: 0.0
  pitch: 0.0
logoutlocation:
  world: Survival
  x: 45803.27451313802
  y: 70.0
  z: 29043.50749630786
  yaw: -31.650192
  pitch: 1.7999579
