lastAccountName: MicroMinty
timestamps:
  login: 1529262546355
  lastteleport: 1529263853442
  logout: 1529267971264
  kits:
    claim: 1529263904520
ipAddress: 188.221.158.155
lastlocation:
  world: Survival
  x: 16252.984149271137
  y: 74.0
  z: 8531.102619888303
  yaw: -269.70105
  pitch: 8.10007
logoutlocation:
  world: Survival
  x: 16337.633707542083
  y: 57.5625
  z: 8423.325668791058
  yaw: -204.75696
  pitch: 25.500027
homes:
  home:
    world: Survival
    x: 16333.349324021843
    y: 63.0
    z: 8431.858601852255
    yaw: -279.5996
    pitch: 23.400038
