lastAccountName: ja45_65
timestamps:
  login: 1526939950913
  logout: 1526940378237
ipAddress: 173.216.206.86
lastlocation:
  world: Survival
  x: 128.0
  y: 76.0
  z: 544.0
  yaw: 0.0
  pitch: 0.0
logoutlocation:
  world: Survival
  x: 129.52486977213368
  y: 70.0
  z: 542.5240655794559
  yaw: 72.269745
  pitch: 11.850083
