lastAccountName: ja45_65
timestamps:
  login: 1526940590754
  logout: 1526940858078
ipAddress: 173.216.206.86
lastlocation:
  world: Survival
  x: 128.0
  y: 76.0
  z: 544.0
  yaw: 0.0
  pitch: 0.0
logoutlocation:
  world: Survival
  x: 150.918417145857
  y: 70.5
  z: 551.2836806576855
  yaw: -324.48132
  pitch: 10.200095
