lastAccountName: dragozal
timestamps:
  login: 1523050935281
  logout: 1523050958073
ipAddress: 188.142.198.53
lastlocation:
  world: Survival
  x: 128.0
  y: 76.0
  z: 544.0
  yaw: 0.0
  pitch: 0.0
geolocation: Hungary
logoutlocation:
  world: Survival
  x: 122.31367550686196
  y: 70.0
  z: 481.73153242081617
  yaw: 179.40005
  pitch: 17.700005
