lastAccountName: BaconstripsEMT
timestamps:
  login: 1532358154355
  logout: 1532358246497
ipAddress: 86.7.69.154
lastlocation:
  world: Survival
  x: 301.8059229812317
  y: 60.90363430749848
  z: 405.1247416664927
  yaw: 190.88708
  pitch: -4.350657
logoutlocation:
  world: Survival
  x: 301.8059229812317
  y: 60.90363430749848
  z: 405.1247416664927
  yaw: 190.88708
  pitch: -4.350657
