lastAccountName: BaconstripsEMT
timestamps:
  login: 1532353620947
  logout: 1532358142403
ipAddress: 86.7.69.154
lastlocation:
  world: Survival
  x: 163.496933286463
  y: 64.0
  z: 326.59005788053594
  yaw: -221.41046
  pitch: 16.954277
logoutlocation:
  world: Survival
  x: 300.1933671968103
  y: 65.0
  z: 424.4036529744179
  yaw: 269.79117
  pitch: 19.95002
