lastAccountName: BaconstripsEMT
timestamps:
  login: 1532353620947
ipAddress: 86.7.69.154
lastlocation:
  world: Survival
  x: 163.496933286463
  y: 64.0
  z: 326.59005788053594
  yaw: -221.41046
  pitch: 16.954277
