lastAccountName: Alexius13
timestamps:
  login: 1524683543766
  logout: 1524683592262
ipAddress: 85.126.34.169
geolocation: Austria
lastlocation:
  world: Survival
  x: 128.0
  y: 76.0
  z: 544.0
  yaw: 0.0
  pitch: 0.0
logoutlocation:
  world: Survival
  x: 132.70217424002834
  y: 70.0
  z: 560.4614498938
  yaw: -178.78632
  pitch: -6.594658
