lastAccountName: MrBiscuits1
timestamps:
  login: 1526838192206
  logout: 1526839740609
ipAddress: 86.134.28.215
lastlocation:
  world: Survival
  x: 128.0
  y: 76.0
  z: 544.0
  yaw: 0.0
  pitch: 0.0
logoutlocation:
  world: Survival
  x: 124.32027895868849
  y: 76.0
  z: 545.4957518198023
  yaw: 168.5681
  pitch: 19.650042
