lastAccountName: ItzzCookie
timestamps:
  login: 1525621203080
  logout: 1525621680784
ipAddress: 189.146.183.215
lastlocation:
  world: Survival
  x: 128.06977701033162
  y: 76.0
  z: 545.0483496757663
  yaw: -28.488186
  pitch: 30.750069
logoutlocation:
  world: Survival
  x: 220.5895507967395
  y: 67.0
  z: 497.4079133170816
  yaw: -153.62363
  pitch: 10.845843
