lastAccountName: crenk
timestamps:
  login: 1532214610773
  logout: 1532028553393
ipAddress: 82.1.72.212
lastlocation:
  world: Survival
  x: 128.0
  y: 76.0
  z: 544.0
  yaw: 0.0
  pitch: 0.0
logoutlocation:
  world: Survival
  x: 138.70008863383157
  y: 63.0
  z: 365.0393913708282
  yaw: 182.2854
  pitch: 22.151707
