lastAccountName: crenk
timestamps:
  login: 1532353463673
  logout: 1532355818637
  lastteleport: 1532354119493
ipAddress: 82.1.72.212
lastlocation:
  world: Survival
  x: 128.5
  y: 76.0
  z: 544.5
  yaw: 88.8559
  pitch: 14.196427
logoutlocation:
  world: Survival
  x: 96.63491251197425
  y: 68.0
  z: 647.0082095214742
  yaw: 95.51828
  pitch: 28.8907
