lastAccountName: crenk
timestamps:
  login: 1532353463673
  logout: 1532214674527
ipAddress: 82.1.72.212
lastlocation:
  world: Survival
  x: 249.68943474754798
  y: 86.0
  z: 360.9851079201489
  yaw: -324.70544
  pitch: 66.888725
logoutlocation:
  world: Survival
  x: 321.797797716362
  y: 67.0
  z: 425.94039236108637
  yaw: -182.11496
  pitch: 32.54764
