lastAccountName: crenk
timestamps:
  login: 1532353463673
  logout: 1532214674527
ipAddress: 82.1.72.212
lastlocation:
  world: Survival
  x: 128.0
  y: 76.0
  z: 544.0
  yaw: 0.0
  pitch: 0.0
logoutlocation:
  world: Survival
  x: 321.797797716362
  y: 67.0
  z: 425.94039236108637
  yaw: -182.11496
  pitch: 32.54764
