lastAccountName: AbrasiveRose
timestamps:
  login: 1524347377438
  lastteleport: 1524347796966
  kits:
    starter: 1524348018636
  logout: 1524348036763
ipAddress: 73.104.45.48
geolocation: United States
lastlocation:
  world: Creative
  x: -62.29268485036636
  y: 65.0
  z: 2.2545874077636125
  yaw: -83.69998
  pitch: 15.150009
logoutlocation:
  world: Staff
  x: 1836.0771512959293
  y: 55.0
  z: -743.516713605162
  yaw: 279.30298
  pitch: 12.900006
