lastAccountName: Yaboku_kami
timestamps:
  login: 1526836759036
  logout: 1526836689735
  lastteleport: 1526840122829
ipAddress: 98.195.245.111
lastlocation:
  world: Survival
  x: 10226.442128723951
  y: 69.0
  z: 2182.451047190009
  yaw: 190.06055
  pitch: 25.950024
logoutlocation:
  world: Survival
  x: 126.3987592347982
  y: 76.0
  z: 546.6557798719567
  yaw: -144.78146
  pitch: 25.79998
money: '25.0'
homes:
  home:
    world: Survival
    x: 10265.163599901123
    y: 62.0
    z: 2280.699999988079
    yaw: -107.84424
    pitch: 81.600006
