lastAccountName: Yaboku_kami
timestamps:
  login: 1527377217963
  logout: 1527366967965
  lastteleport: 1526840365532
ipAddress: 98.195.245.111
lastlocation:
  world: Survival
  x: 10290.803667841892
  y: 63.0
  z: 2236.138776563795
  yaw: 166.05623
  pitch: 15.600041
logoutlocation:
  world: Survival
  x: 10262.731486377153
  y: 63.0
  z: 2280.865534670446
  yaw: 12.455447
  pitch: 37.499954
money: '25.0'
homes:
  home:
    world: Survival
    x: 10265.163599901123
    y: 62.0
    z: 2280.699999988079
    yaw: -107.84424
    pitch: 81.600006
