lastAccountName: Yaboku_kami
timestamps:
  login: 1527382311953
  logout: 1527383638919
  lastteleport: 1526840365532
ipAddress: 98.195.245.111
lastlocation:
  world: Survival
  x: 460.5
  y: 73.0
  z: 970.5
  yaw: 209.36937
  pitch: 74.70001
logoutlocation:
  world: Survival
  x: 466.2519247154624
  y: 68.0
  z: 960.4928739031038
  yaw: 266.81918
  pitch: 35.550007
money: '25.0'
homes:
  home:
    world: Survival
    x: 10265.163599901123
    y: 62.0
    z: 2280.699999988079
    yaw: -107.84424
    pitch: 81.600006
