lastAccountName: Yaboku_kami
timestamps:
  login: 1526836759036
  logout: 1526836689735
  lastteleport: 1526837065716
ipAddress: 98.195.245.111
lastlocation:
  world: Survival
  x: 128.5
  y: 76.0
  z: 544.5
  yaw: -118.83193
  pitch: 1.9500444
logoutlocation:
  world: Survival
  x: 126.3987592347982
  y: 76.0
  z: 546.6557798719567
  yaw: -144.78146
  pitch: 25.79998
money: '15.0'
