lastAccountName: Yaboku_kami
timestamps:
  login: 1527188534803
  logout: 1527188601077
  lastteleport: 1526840365532
ipAddress: 50.226.26.104
lastlocation:
  world: Survival
  x: 10290.803667841892
  y: 63.0
  z: 2236.138776563795
  yaw: 166.05623
  pitch: 15.600041
logoutlocation:
  world: Survival
  x: 10264.116130258493
  y: 63.0
  z: 2278.699999988079
  yaw: 267.60547
  pitch: 38.699997
money: '25.0'
homes:
  home:
    world: Survival
    x: 10265.163599901123
    y: 62.0
    z: 2280.699999988079
    yaw: -107.84424
    pitch: 81.600006
