lastAccountName: Yaboku_kami
timestamps:
  login: 1526836759036
  logout: 1526836689735
ipAddress: 98.195.245.111
lastlocation:
  world: Survival
  x: 128.0
  y: 76.0
  z: 544.0
  yaw: 0.0
  pitch: 0.0
logoutlocation:
  world: Survival
  x: 126.3987592347982
  y: 76.0
  z: 546.6557798719567
  yaw: -144.78146
  pitch: 25.79998
