lastAccountName: Yaboku_kami
timestamps:
  login: 1527382311953
  logout: 1527377301896
  lastteleport: 1526840365532
ipAddress: 98.195.245.111
lastlocation:
  world: Survival
  x: 126.91692671618875
  y: 76.0
  z: 548.0787221675826
  yaw: 205.0181
  pitch: 10.200045
logoutlocation:
  world: Survival
  x: 10265.317716380388
  y: 62.0
  z: 2280.1945637518106
  yaw: -171.44556
  pitch: 34.949993
money: '25.0'
homes:
  home:
    world: Survival
    x: 10265.163599901123
    y: 62.0
    z: 2280.699999988079
    yaw: -107.84424
    pitch: 81.600006
