lastAccountName: Yaboku_kami
timestamps:
  login: 1526836759036
  logout: 1526836689735
  lastteleport: 1526837060399
ipAddress: 98.195.245.111
lastlocation:
  world: Survival
  x: 124.96229278156902
  y: 71.5
  z: 554.2815667888067
  yaw: -7.3815613
  pitch: 28.050037
logoutlocation:
  world: Survival
  x: 126.3987592347982
  y: 76.0
  z: 546.6557798719567
  yaw: -144.78146
  pitch: 25.79998
money: '5.0'
