lastAccountName: Blastroo
timestamps:
  login: 1526827819440
  logout: 1526827956680
ipAddress: 98.29.147.129
lastlocation:
  world: Survival
  x: 128.0
  y: 76.0
  z: 544.0
  yaw: 0.0
  pitch: 0.0
logoutlocation:
  world: Survival
  x: 127.35611465286817
  y: 76.0
  z: 543.8311959046162
  yaw: 37.468075
  pitch: 59.55
