geolocation: United States
lastAccountName: MineRacer_8
timestamps:
  login: 1525034220064
  logout: 1525034158808
  kits:
    starter: 1524953792758
  lastteleport: 1525034032679
ipAddress: 74.105.27.34
lastlocation:
  world: Survival
  x: 135.6487263503093
  y: 90.4161222355324
  z: 570.9348093916639
  yaw: 334.47864
  pitch: 35.938183
logoutlocation:
  world: Survival
  x: 163.23246461247152
  y: 69.0
  z: 665.3000000119209
  yaw: 278.3759
  pitch: 26.625769
godmode: true
nickname: oof
