geolocation: United States
lastAccountName: MineRacer_8
timestamps:
  login: 1524960742030
  logout: 1524960701091
  kits:
    starter: 1524953792758
  lastteleport: 1524961150698
ipAddress: 74.105.27.34
lastlocation:
  world: Survival
  x: 102.39037078296525
  y: 97.31926168953376
  z: 685.4987353809502
  yaw: 32.56006
  pitch: 49.381405
logoutlocation:
  world: Survival
  x: 101.7763313017796
  y: 71.0
  z: 663.2007162366269
  yaw: -75.95183
  pitch: 20.500008
godmode: true
