geolocation: United States
lastAccountName: MineRacer_8
timestamps:
  login: 1525567861518
  logout: 1525567877958
  kits:
    starter: 1525565660713
  lastteleport: 1525565816507
ipAddress: 74.105.27.34
lastlocation:
  world: Survival
  x: 126.6772439540471
  y: 76.88698542945474
  z: 544.2158705825196
  yaw: 72.77728
  pitch: 19.812366
logoutlocation:
  world: Survival
  x: 20980.90208990711
  y: 81.24313577178174
  z: 37847.30000001192
  yaw: 273.17435
  pitch: 22.104902
godmode: true
