geolocation: United States
lastAccountName: MineRacer_8
timestamps:
  login: 1525036974022
  logout: 1525036978487
  kits:
    starter: 1524953792758
  lastteleport: 1525037422258
ipAddress: 74.105.27.34
lastlocation:
  world: Survival
  x: 39685.5
  y: 81.0
  z: -40.5
  yaw: 77.121826
  pitch: 13.480602
logoutlocation:
  world: Survival
  x: 39724.462997709496
  y: 64.0
  z: -23.66819033786117
  yaw: 0.15001185
  pitch: 12.998197
godmode: true
