geolocation: United States
lastAccountName: MineRacer_8
timestamps:
  login: 1525035815967
  logout: 1525036330489
  kits:
    starter: 1524953792758
  lastteleport: 1525036315485
ipAddress: 74.105.27.34
lastlocation:
  world: Survival
  x: 128.92047626971313
  y: 70.0
  z: 663.9601685209794
  yaw: 153.2744
  pitch: 14.62626
logoutlocation:
  world: Survival
  x: 144.90461836200896
  y: 69.0
  z: 667.2502086341347
  yaw: 138.17053
  pitch: 78.48283
godmode: true
