geolocation: United States
lastAccountName: MineRacer_8
timestamps:
  login: 1527382165186
  logout: 1527382014838
  kits:
    starter: 1525565660713
  lastteleport: 1527382171151
ipAddress: 74.105.27.34
lastlocation:
  world: Survival
  x: 85.65333387634558
  y: 70.0
  z: 554.8008796309723
  yaw: 269.6497
  pitch: 47.080044
logoutlocation:
  world: Survival
  x: 85.65333387634558
  y: 73.11813933486765
  z: 554.8008796309723
  yaw: 269.6497
  pitch: 47.080044
godmode: true
nickname: Skeppy
