geolocation: United States
lastAccountName: MineRacer_8
timestamps:
  login: 1526144080470
  logout: 1526144558225
  kits:
    starter: 1525565660713
  lastteleport: 1525821149816
ipAddress: 74.105.27.34
lastlocation:
  world: Staff
  x: 1837.0369575720663
  y: 55.0
  z: -740.2188017399576
  yaw: 185.32129
  pitch: 19.652246
logoutlocation:
  world: Survival
  x: 3.6605230798509725
  y: 76.0
  z: 530.5154117406195
  yaw: 96.06967
  pitch: 28.486546
godmode: true
