geolocation: United States
lastAccountName: MineRacer_8
timestamps:
  login: 1524960742030
  logout: 1524961250075
  kits:
    starter: 1524953792758
  lastteleport: 1524961150698
ipAddress: 74.105.27.34
lastlocation:
  world: Survival
  x: 102.39037078296525
  y: 97.31926168953376
  z: 685.4987353809502
  yaw: 32.56006
  pitch: 49.381405
logoutlocation:
  world: Survival
  x: 124.48562542222963
  y: 70.0
  z: 564.674568404213
  yaw: 259.57538
  pitch: 23.669027
godmode: true
