geolocation: United States
lastAccountName: MineRacer_8
timestamps:
  login: 1525014929339
  logout: 1525013907377
  kits:
    starter: 1524953792758
  lastteleport: 1525015115618
ipAddress: 74.105.27.34
lastlocation:
  world: Survival
  x: 18.670112928059474
  y: 68.0
  z: 585.1727920289816
  yaw: -102.79503
  pitch: 17.061228
logoutlocation:
  world: Survival
  x: 271.4167570874543
  y: 66.0
  z: 525.1535373301248
  yaw: 63.783417
  pitch: 29.664812
godmode: true
