geolocation: United States
lastAccountName: MineRacer_8
timestamps:
  login: 1525014929339
  logout: 1525015695548
  kits:
    starter: 1524953792758
  lastteleport: 1525015115618
ipAddress: 74.105.27.34
lastlocation:
  world: Survival
  x: 18.670112928059474
  y: 68.0
  z: 585.1727920289816
  yaw: -102.79503
  pitch: 17.061228
logoutlocation:
  world: Survival
  x: 86.25544184560859
  y: 84.43630429210157
  z: 688.0476301885471
  yaw: -6.132379
  pitch: 47.696808
godmode: true
