geolocation: United States
lastAccountName: MineRacer_8
timestamps:
  login: 1525013703940
  logout: 1525013907377
  kits:
    starter: 1524953792758
  lastteleport: 1524962413222
ipAddress: 74.105.27.34
lastlocation:
  world: Survival
  x: 126.56840701348816
  y: 67.65252086788766
  z: 403.5696229553393
  yaw: 289.81708
  pitch: 18.184319
logoutlocation:
  world: Survival
  x: 271.4167570874543
  y: 66.0
  z: 525.1535373301248
  yaw: 63.783417
  pitch: 29.664812
godmode: true
