geolocation: United States
lastAccountName: MineRacer_8
timestamps:
  login: 1525564968178
  logout: 1525564915691
  kits:
    starter: 1524953792758
  lastteleport: 1525565074277
ipAddress: 74.105.27.34
lastlocation:
  world: Survival
  x: 126.6772439540471
  y: 76.88698542945474
  z: 544.2158705825196
  yaw: 72.77728
  pitch: 19.812366
logoutlocation:
  world: Survival
  x: -12.887792517064296
  y: 68.0
  z: 617.8397771958939
  yaw: 132.48013
  pitch: 84.05801
godmode: true
