geolocation: United States
lastAccountName: MineRacer_8
timestamps:
  login: 1525015745645
  logout: 1525015834233
  kits:
    starter: 1524953792758
  lastteleport: 1525015115618
ipAddress: 74.105.27.34
lastlocation:
  world: Survival
  x: 18.670112928059474
  y: 68.0
  z: 585.1727920289816
  yaw: -102.79503
  pitch: 17.061228
logoutlocation:
  world: Survival
  x: 86.64140320886966
  y: 86.16172747080394
  z: 687.4621584133117
  yaw: 4.7867327
  pitch: 70.03401
godmode: true
