geolocation: United States
lastAccountName: MineRacer_8
timestamps:
  login: 1524961797203
  logout: 1524961807761
  kits:
    starter: 1524953792758
  lastteleport: 1524961150698
ipAddress: 74.105.27.34
lastlocation:
  world: Survival
  x: 102.39037078296525
  y: 97.31926168953376
  z: 685.4987353809502
  yaw: 32.56006
  pitch: 49.381405
logoutlocation:
  world: Survival
  x: 156.42222941296583
  y: 70.0
  z: 543.5860129089533
  yaw: 137.35951
  pitch: -0.97664666
godmode: true
