geolocation: United States
lastAccountName: MineRacer_8
timestamps:
  login: 1526136686542
  logout: 1526136687767
  kits:
    starter: 1525565660713
  lastteleport: 1525821149816
ipAddress: 74.105.27.34
lastlocation:
  world: Staff
  x: 1837.0369575720663
  y: 55.0
  z: -740.2188017399576
  yaw: 185.32129
  pitch: 19.652246
logoutlocation:
  world: Survival
  x: 9.91095126789659
  y: 94.23322604094433
  z: 542.182523668566
  yaw: 10.064819
  pitch: 55.74487
godmode: true
