geolocation: United States
lastAccountName: MineRacer_8
timestamps:
  login: 1525821110207
  logout: 1525814167130
  kits:
    starter: 1525565660713
  lastteleport: 1525821128910
ipAddress: 74.105.27.34
lastlocation:
  world: Survival
  x: 128.32684408805108
  y: 76.0
  z: 544.5195464003859
  yaw: 81.62353
  pitch: 21.894876
logoutlocation:
  world: Survival
  x: 20968.263719894137
  y: 67.61416513852981
  z: 37846.94662709356
  yaw: 228.78528
  pitch: 79.23611
godmode: true
