geolocation: United States
lastAccountName: MineRacer_8
timestamps:
  login: 1525015924650
  logout: 1525015859558
  kits:
    starter: 1524953792758
  lastteleport: 1525015954154
ipAddress: 74.105.27.34
lastlocation:
  world: Survival
  x: 86.64140320886966
  y: 72.0
  z: 687.4621584133117
  yaw: 168.50893
  pitch: 23.175997
logoutlocation:
  world: Survival
  x: 86.64140320886966
  y: 86.16172747080394
  z: 687.4621584133117
  yaw: 4.7867327
  pitch: 70.03401
godmode: true
