geolocation: United States
lastAccountName: MineRacer_8
timestamps:
  login: 1524952525863
  logout: 1524952569264
ipAddress: 74.105.27.34
lastlocation:
  world: Survival
  x: 128.0
  y: 76.0
  z: 544.0
  yaw: 0.0
  pitch: 0.0
logoutlocation:
  world: Survival
  x: 132.69999998807907
  y: 76.0
  z: 543.4661207454936
  yaw: 334.35242
  pitch: 43.864796
