geolocation: United States
lastAccountName: MineRacer_8
timestamps:
  login: 1524872012551
  logout: 1524872203952
ipAddress: 74.105.27.34
lastlocation:
  world: Survival
  x: 128.0
  y: 76.0
  z: 544.0
  yaw: 0.0
  pitch: 0.0
logoutlocation:
  world: Survival
  x: 136.64030367003744
  y: 68.0
  z: 617.0340659845654
  yaw: 189.64526
  pitch: -26.91951
