geolocation: United States
lastAccountName: MineRacer_8
timestamps:
  login: 1525033367381
  logout: 1525024560854
  kits:
    starter: 1524953792758
  lastteleport: 1525034032679
ipAddress: 74.105.27.34
lastlocation:
  world: Survival
  x: 135.6487263503093
  y: 90.4161222355324
  z: 570.9348093916639
  yaw: 334.47864
  pitch: 35.938183
logoutlocation:
  world: Survival
  x: 121.63997629454029
  y: 76.9149204566708
  z: 707.2042231202367
  yaw: 8.098999
  pitch: 62.624306
godmode: true
