geolocation: United States
lastAccountName: MineRacer_8
timestamps:
  login: 1524954523147
  logout: 1524955913116
  kits:
    starter: 1524953792758
  lastteleport: 1524954214471
ipAddress: 74.105.27.34
lastlocation:
  world: Survival
  x: 127.3490944849679
  y: 70.0
  z: 667.0601370883115
  yaw: 296.92737
  pitch: -26.98462
logoutlocation:
  world: Creative
  x: 42.77396978764148
  y: 65.0
  z: -202.47683301157682
  yaw: -85.26999
  pitch: -81.58347
