geolocation: United States
lastAccountName: MineRacer_8
timestamps:
  login: 1525814065544
  logout: 1525814167130
  kits:
    starter: 1525565660713
  lastteleport: 1525565816507
ipAddress: 74.105.27.34
lastlocation:
  world: Survival
  x: 126.6772439540471
  y: 76.88698542945474
  z: 544.2158705825196
  yaw: 72.77728
  pitch: 19.812366
logoutlocation:
  world: Survival
  x: 20968.263719894137
  y: 67.61416513852981
  z: 37846.94662709356
  yaw: 228.78528
  pitch: 79.23611
godmode: true
