geolocation: United States
lastAccountName: MineRacer_8
timestamps:
  login: 1524962068651
  logout: 1524962009757
  kits:
    starter: 1524953792758
  lastteleport: 1524961150698
ipAddress: 74.105.27.34
lastlocation:
  world: Survival
  x: 102.39037078296525
  y: 97.31926168953376
  z: 685.4987353809502
  yaw: 32.56006
  pitch: 49.381405
logoutlocation:
  world: Survival
  x: 125.26661798838208
  y: 70.5
  z: 534.1681784849333
  yaw: 352.94583
  pitch: 23.918653
godmode: true
