geolocation: United States
lastAccountName: MineRacer_8
timestamps:
  login: 1525023135215
  logout: 1525016948688
  kits:
    starter: 1524953792758
  lastteleport: 1525015954154
ipAddress: 74.105.27.34
lastlocation:
  world: Survival
  x: 86.64140320886966
  y: 72.0
  z: 687.4621584133117
  yaw: 168.50893
  pitch: 23.175997
logoutlocation:
  world: Survival
  x: 123.77669741233187
  y: 76.06770446607499
  z: 544.2443676617107
  yaw: 94.590866
  pitch: 18.36552
godmode: true
