geolocation: United States
lastAccountName: MineRacer_8
timestamps:
  login: 1524962373655
  logout: 1524962415418
  kits:
    starter: 1524953792758
  lastteleport: 1524962413222
ipAddress: 74.105.27.34
lastlocation:
  world: Survival
  x: 126.56840701348816
  y: 67.65252086788766
  z: 403.5696229553393
  yaw: 289.81708
  pitch: 18.184319
logoutlocation:
  world: Survival
  x: 128.5
  y: 76.0
  z: 544.5
  yaw: 90.784805
  pitch: 17.99115
godmode: true
