geolocation: United States
lastAccountName: MineRacer_8
timestamps:
  login: 1525042745853
  logout: 1525042771713
  kits:
    starter: 1524953792758
  lastteleport: 1525037644079
ipAddress: 74.105.27.34
lastlocation:
  world: Staff
  x: 1835.8878945710494
  y: 55.0
  z: -733.318985739513
  yaw: -2.621862
  pitch: 7.1152773
logoutlocation:
  world: Staff
  x: 1781.300000011921
  y: 55.0
  z: -744.1072386987111
  yaw: 90.01108
  pitch: 4.6269755
godmode: true
