geolocation: United States
lastAccountName: MineRacer_8
timestamps:
  login: 1524958489512
  logout: 1524958848124
  kits:
    starter: 1524953792758
  lastteleport: 1524954214471
ipAddress: 74.105.27.34
lastlocation:
  world: Creative
  x: 113.71494131757139
  y: 94.0
  z: -200.37943264005335
  yaw: -72.14969
  pitch: 85.55214
logoutlocation:
  world: Survival
  x: 106.86998362111417
  y: 71.7531999805212
  z: 659.3140489863357
  yaw: 161.31218
  pitch: 61.41861
