geolocation: United States
lastAccountName: MineRacer_8
timestamps:
  login: 1525042745853
  logout: 1525038185006
  kits:
    starter: 1524953792758
  lastteleport: 1525037644079
ipAddress: 74.105.27.34
lastlocation:
  world: Staff
  x: 1835.8878945710494
  y: 55.0
  z: -733.318985739513
  yaw: -2.621862
  pitch: 7.1152773
logoutlocation:
  world: Staff
  x: 1836.757140422833
  y: 55.5
  z: -742.1851501224902
  yaw: -57.61453
  pitch: 0.0
godmode: true
