geolocation: United States
lastAccountName: MineRacer_8
timestamps:
  login: 1526144080470
  logout: 1526144012916
  kits:
    starter: 1525565660713
  lastteleport: 1525821149816
ipAddress: 74.105.27.34
lastlocation:
  world: Staff
  x: 1837.0369575720663
  y: 55.0
  z: -740.2188017399576
  yaw: 185.32129
  pitch: 19.652246
logoutlocation:
  world: Survival
  x: 4.76300230899734
  y: 65.0
  z: 572.7694001973305
  yaw: 270.7975
  pitch: 84.524376
godmode: true
