geolocation: United States
lastAccountName: MineRacer_8
timestamps:
  login: 1525023135215
  logout: 1525016948688
  kits:
    starter: 1524953792758
  lastteleport: 1525024091313
ipAddress: 74.105.27.34
lastlocation:
  world: Staff
  x: 1813.7324948042346
  y: 55.0
  z: -744.5357075614836
  yaw: 359.41705
  pitch: 0.5117887
logoutlocation:
  world: Survival
  x: 123.77669741233187
  y: 76.06770446607499
  z: 544.2443676617107
  yaw: 94.590866
  pitch: 18.36552
godmode: true
