geolocation: United States
lastAccountName: MineRacer_8
timestamps:
  login: 1524960409570
  logout: 1524960402657
  kits:
    starter: 1524953792758
  lastteleport: 1524954214471
ipAddress: 74.105.27.34
lastlocation:
  world: Creative
  x: 113.71494131757139
  y: 94.0
  z: -200.37943264005335
  yaw: -72.14969
  pitch: 85.55214
logoutlocation:
  world: Survival
  x: 108.2789267124566
  y: 67.0
  z: 682.3000000119209
  yaw: 164.41565
  pitch: 51.911964
