geolocation: United States
lastAccountName: MineRacer_8
timestamps:
  login: 1525035815967
  logout: 1525036330489
  kits:
    starter: 1524953792758
  lastteleport: 1525036895902
ipAddress: 74.105.27.34
lastlocation:
  world: Survival
  x: 128.92047626971313
  y: 70.0
  z: 663.9601685209794
  yaw: 153.2744
  pitch: 14.62626
logoutlocation:
  world: Survival
  x: 39724.462997709496
  y: 64.0
  z: -23.66819033786117
  yaw: 0.15001185
  pitch: 12.998197
godmode: true
