geolocation: United States
lastAccountName: MineRacer_8
timestamps:
  login: 1524953182492
  logout: 1524952646507
  kits:
    starter: 1524953792758
  lastteleport: 1524954214471
ipAddress: 74.105.27.34
lastlocation:
  world: Survival
  x: 104.38961416729413
  y: 64.0
  z: 375.4594682200843
  yaw: 309.85477
  pitch: -4.7739863
logoutlocation:
  world: Survival
  x: 127.00338544913168
  y: 76.0
  z: 544.6756494992958
  yaw: 111.68936
  pitch: 31.239645
