geolocation: United States
lastAccountName: MineRacer_8
timestamps:
  login: 1524958137592
  logout: 1524955913116
  kits:
    starter: 1524953792758
  lastteleport: 1524954214471
ipAddress: 74.105.27.34
lastlocation:
  world: Creative
  x: 113.71494131757139
  y: 94.0
  z: -200.37943264005335
  yaw: -72.14969
  pitch: 85.55214
logoutlocation:
  world: Creative
  x: 42.77396978764148
  y: 65.0
  z: -202.47683301157682
  yaw: -85.26999
  pitch: -81.58347
