geolocation: United States
lastAccountName: MineRacer_8
timestamps:
  login: 1524960055625
  logout: 1524959518557
  kits:
    starter: 1524953792758
  lastteleport: 1524954214471
ipAddress: 74.105.27.34
lastlocation:
  world: Creative
  x: 113.71494131757139
  y: 94.0
  z: -200.37943264005335
  yaw: -72.14969
  pitch: 85.55214
logoutlocation:
  world: Survival
  x: 106.84108058518828
  y: 72.17319996740818
  z: 659.1295225862015
  yaw: 180.0
  pitch: 0.0
