geolocation: United States
lastAccountName: MineRacer_8
timestamps:
  login: 1525050384225
  logout: 1525042771713
  kits:
    starter: 1524953792758
  lastteleport: 1525050396626
ipAddress: 74.105.27.34
lastlocation:
  world: Staff
  x: 1828.699999988079
  y: 57.90716518026126
  z: -744.5131782034404
  yaw: 268.36972
  pitch: 12.419814
logoutlocation:
  world: Staff
  x: 1781.300000011921
  y: 55.0
  z: -744.1072386987111
  yaw: 90.01108
  pitch: 4.6269755
godmode: true
