geolocation: United States
lastAccountName: MineRacer_8
timestamps:
  login: 1525564968178
  logout: 1525564915691
  kits:
    starter: 1524953792758
  lastteleport: 1525564978026
ipAddress: 74.105.27.34
lastlocation:
  world: Survival
  x: -10.966744909040473
  y: 68.0
  z: 618.4300298148268
  yaw: 342.8381
  pitch: 16.503841
logoutlocation:
  world: Survival
  x: -12.887792517064296
  y: 68.0
  z: 617.8397771958939
  yaw: 132.48013
  pitch: 84.05801
godmode: true
