geolocation: United States
lastAccountName: MineRacer_8
timestamps:
  login: 1530229146690
  logout: 1530229347344
  kits:
    starter: 1525565660713
  lastteleport: 1530229324751
ipAddress: 74.105.27.34
lastlocation:
  world: Survival
  x: 134.39403329703168
  y: 76.5
  z: 549.7606601982645
  yaw: 49.105957
  pitch: 32.970284
logoutlocation:
  world: Staff
  x: 1836.090014350973
  y: 55.5
  z: -745.3752416636538
  yaw: 7.677846
  pitch: 26.110306
godmode: true
