geolocation: United States
lastAccountName: MineRacer_8
timestamps:
  login: 1525821110207
  logout: 1525814167130
  kits:
    starter: 1525565660713
  lastteleport: 1525821122240
ipAddress: 74.105.27.34
lastlocation:
  world: Survival
  x: 20970.17120012337
  y: 63.0
  z: 37850.333435938046
  yaw: 27.228302
  pitch: 8.098414
logoutlocation:
  world: Survival
  x: 20968.263719894137
  y: 67.61416513852981
  z: 37846.94662709356
  yaw: 228.78528
  pitch: 79.23611
godmode: true
