geolocation: United States
lastAccountName: MineRacer_8
timestamps:
  login: 1525033367381
  logout: 1525024560854
  kits:
    starter: 1524953792758
  lastteleport: 1525033453611
ipAddress: 74.105.27.34
lastlocation:
  world: Staff
  x: 1813.7324948042346
  y: 55.0
  z: -744.5357075614836
  yaw: 359.41705
  pitch: 0.5117887
logoutlocation:
  world: Survival
  x: 121.63997629454029
  y: 76.9149204566708
  z: 707.2042231202367
  yaw: 8.098999
  pitch: 62.624306
godmode: false
