geolocation: United States
lastAccountName: MineRacer_8
timestamps:
  login: 1524962373655
  logout: 1524962147353
  kits:
    starter: 1524953792758
  lastteleport: 1524961150698
ipAddress: 74.105.27.34
lastlocation:
  world: Survival
  x: 102.39037078296525
  y: 97.31926168953376
  z: 685.4987353809502
  yaw: 32.56006
  pitch: 49.381405
logoutlocation:
  world: Survival
  x: 131.32396349590195
  y: 71.66531265717973
  z: 428.08777678208145
  yaw: -6.3054094
  pitch: 27.724709
godmode: true
