geolocation: United States
lastAccountName: MineRacer_8
timestamps:
  login: 1525016023358
  logout: 1525016043372
  kits:
    starter: 1524953792758
  lastteleport: 1525015954154
ipAddress: 74.105.27.34
lastlocation:
  world: Survival
  x: 86.64140320886966
  y: 72.0
  z: 687.4621584133117
  yaw: 168.50893
  pitch: 23.175997
logoutlocation:
  world: Survival
  x: 127.97173202818553
  y: 76.0
  z: 544.517343448832
  yaw: 90.909615
  pitch: 18.615097
godmode: true
