geolocation: United States
lastAccountName: MineRacer_8
timestamps:
  login: 1524952469318
  logout: 1524952520896
ipAddress: 74.105.27.34
lastlocation:
  world: Survival
  x: 128.0
  y: 76.0
  z: 544.0
  yaw: 0.0
  pitch: 0.0
logoutlocation:
  world: Survival
  x: 131.02421022380778
  y: 73.5
  z: 534.828170308646
  yaw: 115.384705
  pitch: 20.247036
