geolocation: United States
lastAccountName: MineRacer_8
timestamps:
  login: 1525567861518
  logout: 1525565857372
  kits:
    starter: 1525565660713
  lastteleport: 1525565816507
ipAddress: 74.105.27.34
lastlocation:
  world: Survival
  x: 126.6772439540471
  y: 76.88698542945474
  z: 544.2158705825196
  yaw: 72.77728
  pitch: 19.812366
logoutlocation:
  world: Survival
  x: 20963.138027028344
  y: 90.63562804888537
  z: 37854.24301919481
  yaw: 69.53784
  pitch: 27.559952
godmode: true
