geolocation: United States
lastAccountName: MineRacer_8
timestamps:
  login: 1524958137592
  logout: 1524958430881
  kits:
    starter: 1524953792758
  lastteleport: 1524954214471
ipAddress: 74.105.27.34
lastlocation:
  world: Creative
  x: 113.71494131757139
  y: 94.0
  z: -200.37943264005335
  yaw: -72.14969
  pitch: 85.55214
logoutlocation:
  world: Survival
  x: 126.0516764482652
  y: 70.0
  z: 669.4640173219414
  yaw: 168.17735
  pitch: 10.265944
