geolocation: United States
lastAccountName: MineRacer_8
timestamps:
  login: 1525036974022
  logout: 1525036978487
  kits:
    starter: 1524953792758
  lastteleport: 1525037644079
ipAddress: 74.105.27.34
lastlocation:
  world: Survival
  x: 139.15899382888273
  y: 69.0
  z: 567.4699144181951
  yaw: 185.43602
  pitch: -67.80249
logoutlocation:
  world: Survival
  x: 39724.462997709496
  y: 64.0
  z: -23.66819033786117
  yaw: 0.15001185
  pitch: 12.998197
godmode: true
