geolocation: United States
lastAccountName: MineRacer_8
timestamps:
  login: 1525023135215
  logout: 1525016948688
  kits:
    starter: 1524953792758
  lastteleport: 1525023979193
ipAddress: 74.105.27.34
lastlocation:
  world: Survival
  x: 132.52498189190513
  y: 76.0
  z: 542.331432345737
  yaw: 10.325531
  pitch: 30.484835
logoutlocation:
  world: Survival
  x: 123.77669741233187
  y: 76.06770446607499
  z: 544.2443676617107
  yaw: 94.590866
  pitch: 18.36552
godmode: true
