geolocation: United States
lastAccountName: MineRacer_8
timestamps:
  login: 1525035815967
  logout: 1525036170439
  kits:
    starter: 1524953792758
  lastteleport: 1525036068304
ipAddress: 74.105.27.34
lastlocation:
  world: Survival
  x: 135.6487263503093
  y: 90.4161222355324
  z: 570.9348093916639
  yaw: 334.47864
  pitch: 35.938183
logoutlocation:
  world: Survival
  x: 144.90461836200896
  y: 69.0
  z: 667.2502086341347
  yaw: 138.17053
  pitch: 78.48283
godmode: true
nickname: Skeppy
