geolocation: United States
lastAccountName: MineRacer_8
timestamps:
  login: 1525014929339
  logout: 1525013907377
  kits:
    starter: 1524953792758
  lastteleport: 1525014934866
ipAddress: 74.105.27.34
lastlocation:
  world: Survival
  x: 270.69999998807907
  y: 64.0
  z: 525.3000000119209
  yaw: 38.077
  pitch: 8.82517
logoutlocation:
  world: Survival
  x: 271.4167570874543
  y: 66.0
  z: 525.1535373301248
  yaw: 63.783417
  pitch: 29.664812
godmode: true
