geolocation: United States
lastAccountName: MineRacer_8
timestamps:
  login: 1525050384225
  logout: 1525050477715
  kits:
    starter: 1524953792758
  lastteleport: 1525050396626
ipAddress: 74.105.27.34
lastlocation:
  world: Staff
  x: 1828.699999988079
  y: 57.90716518026126
  z: -744.5131782034404
  yaw: 268.36972
  pitch: 12.419814
logoutlocation:
  world: Survival
  x: -12.887792517064296
  y: 68.0
  z: 617.8397771958939
  yaw: 132.48013
  pitch: 84.05801
godmode: true
