geolocation: United States
lastAccountName: MineRacer_8
timestamps:
  login: 1524953182492
  logout: 1524952646507
  kits:
    starter: 1524953792758
  lastteleport: 1524954214471
ipAddress: 74.105.27.34
lastlocation:
  world: Survival
  x: 127.3490944849679
  y: 70.0
  z: 667.0601370883115
  yaw: 296.92737
  pitch: -26.98462
logoutlocation:
  world: Survival
  x: 127.00338544913168
  y: 76.0
  z: 544.6756494992958
  yaw: 111.68936
  pitch: 31.239645
