geolocation: United States
lastAccountName: MineRacer_8
timestamps:
  login: 1524953182492
  logout: 1524954335837
  kits:
    starter: 1524953792758
  lastteleport: 1524954214471
ipAddress: 74.105.27.34
lastlocation:
  world: Survival
  x: 127.3490944849679
  y: 70.0
  z: 667.0601370883115
  yaw: 296.92737
  pitch: -26.98462
logoutlocation:
  world: Creative
  x: 45.01944212669312
  y: 75.62605941672133
  z: -175.69595544994374
  yaw: 77.274254
  pitch: 29.964483
