geolocation: United States
lastAccountName: MineRacer_8
timestamps:
  login: 1525036974022
  logout: 1525036978487
  kits:
    starter: 1524953792758
  lastteleport: 1525037644079
ipAddress: 74.105.27.34
lastlocation:
  world: Staff
  x: 1844.1109861950529
  y: 12.99851041404184
  z: -744.3649561966557
  yaw: 209.68181
  pitch: -88.55281
logoutlocation:
  world: Survival
  x: 39724.462997709496
  y: 64.0
  z: -23.66819033786117
  yaw: 0.15001185
  pitch: 12.998197
godmode: true
