geolocation: United States
lastAccountName: MineRacer_8
timestamps:
  login: 1524961949557
  logout: 1524961940661
  kits:
    starter: 1524953792758
  lastteleport: 1524961150698
ipAddress: 74.105.27.34
lastlocation:
  world: Survival
  x: 102.39037078296525
  y: 97.31926168953376
  z: 685.4987353809502
  yaw: 32.56006
  pitch: 49.381405
logoutlocation:
  world: Survival
  x: 126.48754186657467
  y: 70.0
  z: 527.8031838944825
  yaw: 138.18513
  pitch: 22.795559
godmode: true
