geolocation: United States
lastAccountName: MineRacer_8
timestamps:
  login: 1524960742030
  logout: 1524960701091
  kits:
    starter: 1524953792758
  lastteleport: 1524954214471
ipAddress: 74.105.27.34
lastlocation:
  world: Creative
  x: 113.71494131757139
  y: 94.0
  z: -200.37943264005335
  yaw: -72.14969
  pitch: 85.55214
logoutlocation:
  world: Survival
  x: 101.7763313017796
  y: 71.0
  z: 663.2007162366269
  yaw: -75.95183
  pitch: 20.500008
godmode: true
nickname: loololo
