geolocation: United States
lastAccountName: MineRacer_8
timestamps:
  login: 1525036974022
  logout: 1525036978487
  kits:
    starter: 1524953792758
  lastteleport: 1525037644079
ipAddress: 74.105.27.34
lastlocation:
  world: Staff
  x: 1857.6727091654002
  y: 54.24918707874468
  z: -730.4974854425432
  yaw: 172.95493
  pitch: 2.6267428
logoutlocation:
  world: Survival
  x: 39724.462997709496
  y: 64.0
  z: -23.66819033786117
  yaw: 0.15001185
  pitch: 12.998197
godmode: true
