geolocation: United States
lastAccountName: MineRacer_8
timestamps:
  login: 1525036974022
  logout: 1525036978487
  kits:
    starter: 1524953792758
  lastteleport: 1525037644079
ipAddress: 74.105.27.34
lastlocation:
  world: Staff
  x: 1835.8878945710494
  y: 55.0
  z: -733.318985739513
  yaw: -2.621862
  pitch: 7.1152773
logoutlocation:
  world: Survival
  x: 39724.462997709496
  y: 64.0
  z: -23.66819033786117
  yaw: 0.15001185
  pitch: 12.998197
godmode: true
