geolocation: United States
lastAccountName: MineRacer_8
timestamps:
  login: 1524953182492
  logout: 1524952646507
ipAddress: 74.105.27.34
lastlocation:
  world: Survival
  x: 128.0
  y: 76.0
  z: 544.0
  yaw: 0.0
  pitch: 0.0
logoutlocation:
  world: Survival
  x: 127.00338544913168
  y: 76.0
  z: 544.6756494992958
  yaw: 111.68936
  pitch: 31.239645
