lastAccountName: Raymmen
timestamps:
  login: 1525015404999
  logout: 1525015334268
ipAddress: 81.191.7.93
lastlocation:
  world: Survival
  x: 128.0
  y: 76.0
  z: 544.0
  yaw: 0.0
  pitch: 0.0
geolocation: Norway
logoutlocation:
  world: Survival
  x: 128.5
  y: 76.0
  z: 544.5
  yaw: 85.918076
  pitch: 12.750047
