lastAccountName: Raymmen
timestamps:
  login: 1525024066224
  logout: 1525024025890
ipAddress: 81.191.7.93
lastlocation:
  world: Survival
  x: 119.44483752768193
  y: 68.0
  z: 622.3252624246416
  yaw: 6.3244295
  pitch: 9.344564
geolocation: Norway
logoutlocation:
  world: Survival
  x: 128.5
  y: 76.0
  z: 544.5
  yaw: 85.918076
  pitch: 12.750047
