lastAccountName: Raymmen
timestamps:
  login: 1525024066224
  logout: 1525024163343
ipAddress: 81.191.7.93
lastlocation:
  world: Survival
  x: 119.44483752768193
  y: 68.0
  z: 622.3252624246416
  yaw: 6.3244295
  pitch: 9.344564
geolocation: Norway
logoutlocation:
  world: Survival
  x: 151.57766848096418
  y: 69.0
  z: 668.1312013501985
  yaw: 218.45331
  pitch: 20.321997
