lastAccountName: Raymmen
timestamps:
  login: 1525024066224
  logout: 1525024025890
ipAddress: 81.191.7.93
lastlocation:
  world: Survival
  x: 128.76621501907158
  y: 70.0
  z: 557.1353349785069
  yaw: 84.44516
  pitch: 21.475845
geolocation: Norway
logoutlocation:
  world: Survival
  x: 128.5
  y: 76.0
  z: 544.5
  yaw: 85.918076
  pitch: 12.750047
