geolocation: United States
lastAccountName: JJdaGreat
timestamps:
  login: 1524406325050
  logout: 1524404927772
  command-cooldowns:
  - pattern: .*( .*)?
    expiry: 1524404927454
  lastteleport: 1524406333892
ipAddress: 100.40.106.195
lastlocation:
  world: Creative
  x: -263.96740158964076
  y: 70.4813395560962
  z: -303.16083503799564
  yaw: -206.63412
  pitch: 7.3434653
logoutlocation:
  world: Creative
  x: -263.96740158964076
  y: 70.4813395560962
  z: -303.16083503799564
  yaw: -201.59644
  pitch: 8.063142
afk: false
