geolocation: United States
lastAccountName: JJdaGreat
timestamps:
  login: 1524351558944
  logout: 1524353592389
  command-cooldowns:
  - pattern: .*( .*)?
    expiry: 1524353574262
  lastteleport: 1524353221868
ipAddress: 100.40.106.195
lastlocation:
  world: Survival
  x: 132.44021983341884
  y: 76.0
  z: 544.952647572443
  yaw: -19.783165
  pitch: 34.57009
logoutlocation:
  world: Creative
  x: -278.5823524664336
  y: 71.29994010251988
  z: -247.92557321031234
  yaw: -73.964355
  pitch: 14.334609
afk: false
