geolocation: United States
lastAccountName: JJdaGreat
timestamps:
  login: 1524406325050
  logout: 1524404927772
  command-cooldowns:
  - pattern: .*( .*)?
    expiry: 1524406462487
  lastteleport: 1524406429917
ipAddress: 100.40.106.195
lastlocation:
  world: Survival
  x: 117.93973609754062
  y: 70.5
  z: 541.6999999880791
  yaw: 264.23242
  pitch: 23.694899
logoutlocation:
  world: Creative
  x: -263.96740158964076
  y: 70.4813395560962
  z: -303.16083503799564
  yaw: -201.59644
  pitch: 8.063142
afk: false
