geolocation: United States
lastAccountName: JJdaGreat
timestamps:
  login: 1524404898780
  logout: 1524404927772
  command-cooldowns:
  - pattern: .*( .*)?
    expiry: 1524404927454
  lastteleport: 1524353221868
ipAddress: 100.40.106.195
lastlocation:
  world: Survival
  x: 132.44021983341884
  y: 76.0
  z: 544.952647572443
  yaw: -19.783165
  pitch: 34.57009
logoutlocation:
  world: Creative
  x: -263.96740158964076
  y: 70.4813395560962
  z: -303.16083503799564
  yaw: -201.59644
  pitch: 8.063142
afk: false
