geolocation: United States
lastAccountName: JJdaGreat
timestamps:
  login: 1524406325050
  logout: 1524404927772
  command-cooldowns:
  - pattern: .*( .*)?
    expiry: 1524406365339
  lastteleport: 1524406354627
ipAddress: 100.40.106.195
lastlocation:
  world: Creative
  x: -78.95135514095892
  y: 76.74108161020209
  z: -81.65625480718195
  yaw: -88.47829
  pitch: 58.54324
logoutlocation:
  world: Creative
  x: -263.96740158964076
  y: 70.4813395560962
  z: -303.16083503799564
  yaw: -201.59644
  pitch: 8.063142
afk: false
