lastAccountName: Bootista
timestamps:
  login: 1528101173792
  lastteleport: 1528101451658
ipAddress: 217.103.223.77
lastlocation:
  world: Staff
  x: 1835.0143560584827
  y: 55.5
  z: -743.96386232223
  yaw: 80.402985
  pitch: 8.400021
