lastAccountName: Bootista
timestamps:
  login: 1528101173792
  lastteleport: 1528101408033
ipAddress: 217.103.223.77
lastlocation:
  world: Survival
  x: 128.5
  y: 76.0
  z: 544.5
  yaw: 85.918076
  pitch: 12.750047
