lastAccountName: Bootista
timestamps:
  login: 1528101173792
ipAddress: 217.103.223.77
lastlocation:
  world: Survival
  x: 131.52475105325868
  y: -196.50520890382754
  z: 666.3000000119209
  yaw: -8.131919
  pitch: 72.900085
