lastAccountName: PyroGamer7
timestamps:
  login: 1525015951257
  logout: 1525015896700
ipAddress: 166.172.120.232
lastlocation:
  world: Survival
  x: 128.0
  y: 76.0
  z: 544.0
  yaw: 0.0
  pitch: 0.0
geolocation: United States
logoutlocation:
  world: Survival
  x: 128.5
  y: 76.0
  z: 544.5
  yaw: 85.918076
  pitch: 12.750047
