lastAccountName: SandoGO
timestamps:
  login: 1524581178068
  command-cooldowns:
  - pattern: .*( .*)?
    expiry: 1524582043719
  lastteleport: 1524582045022
  logout: 1524581176097
  kits:
    starter: 1524581297802
    claim: 1524581310248
ipAddress: 86.93.132.223
geolocation: Netherlands
lastlocation:
  world: Survival
  x: 124.30000001192093
  y: 76.0
  z: 541.9091089105069
  yaw: 83.218056
  pitch: 90.0
logoutlocation:
  world: Survival
  x: -9.070509010400304
  y: 11.0
  z: 1479.3446976545358
  yaw: 269.69202
  pitch: 2.2500107
