lastAccountName: SandoGO
timestamps:
  login: 1524581178068
  command-cooldowns:
  - pattern: .*( .*)?
    expiry: 1524581328019
  lastteleport: 1524581135453
  logout: 1524581176097
  kits:
    starter: 1524581297802
    claim: 1524581310248
ipAddress: 86.93.132.223
geolocation: Netherlands
lastlocation:
  world: Survival
  x: 117.22842751038425
  y: 71.0
  z: 539.6518124108616
  yaw: 353.36807
  pitch: 31.950047
logoutlocation:
  world: Survival
  x: -9.070509010400304
  y: 11.0
  z: 1479.3446976545358
  yaw: 269.69202
  pitch: 2.2500107
