lastAccountName: SandoGO
timestamps:
  login: 1524581178068
  command-cooldowns:
  - pattern: .*( .*)?
    expiry: 1524581627365
  lastteleport: 1524581629703
  logout: 1524581176097
  kits:
    starter: 1524581297802
    claim: 1524581310248
ipAddress: 86.93.132.223
geolocation: Netherlands
lastlocation:
  world: Survival
  x: 44492.09785341784
  y: 72.0
  z: 3276.669145458465
  yaw: 242.55016
  pitch: 17.099985
logoutlocation:
  world: Survival
  x: -9.070509010400304
  y: 11.0
  z: 1479.3446976545358
  yaw: 269.69202
  pitch: 2.2500107
