lastAccountName: SandoGO
timestamps:
  login: 1524581178068
  command-cooldowns:
  - pattern: .*( .*)?
    expiry: 1524582043719
  lastteleport: 1524582045022
  logout: 1524582124351
  kits:
    starter: 1524581297802
    claim: 1524581310248
ipAddress: 86.93.132.223
geolocation: Netherlands
lastlocation:
  world: Survival
  x: 124.30000001192093
  y: 76.0
  z: 541.9091089105069
  yaw: 83.218056
  pitch: 90.0
logoutlocation:
  world: Survival
  x: 158.10238327290767
  y: 68.0
  z: 554.7854930530198
  yaw: -274.68213
  pitch: 18.600027
