lastAccountName: Aima_Muffin
timestamps:
  login: 1529266236312
  lastteleport: 1529262189362
  kits:
    starter: 1529261367875
  logout: 1529267972382
ipAddress: 5.69.47.241
lastlocation:
  world: Survival
  x: 3774.8954874664714
  y: 86.5
  z: 8027.870156684445
  yaw: -169.94943
  pitch: 27.6
logoutlocation:
  world: Survival
  x: 16333.634398296152
  y: 63.0
  z: 8428.211088239652
  yaw: 299.0774
  pitch: 43.200012
