lastAccountName: detoxuk
timestamps:
  login: 1533834987522
  logout: 1533834993848
ipAddress: 86.20.77.67
lastlocation:
  world: Survival
  x: 128.0
  y: 76.0
  z: 544.0
  yaw: 0.0
  pitch: 0.0
logoutlocation:
  world: Survival
  x: -7.448416627076606
  y: 68.0
  z: 611.7352995552178
  yaw: 264.45648
  pitch: 7.2346334
