lastAccountName: KingSwirlyEyes
timestamps:
  login: 1532836513040
  lastteleport: 1532836545596
  logout: 1532836638119
ipAddress: 98.200.52.78
lastlocation:
  world: Survival
  x: 13089.24299723415
  y: 66.0
  z: 44562.95905670497
  yaw: 114.14486
  pitch: 14.850039
homes:
  home:
    world: Survival
    x: 13089.291968499461
    y: 66.0
    z: 44559.256896615516
    yaw: 100.19458
    pitch: 30.750029
logoutlocation:
  world: Survival
  x: 13089.24299723415
  y: 66.0
  z: 44562.95905670497
  yaw: 114.14486
  pitch: 14.850039
