lastAccountName: KingSwirlyEyes
timestamps:
  login: 1532836513040
  lastteleport: 1532836444416
  logout: 1532836488252
ipAddress: 98.200.52.78
lastlocation:
  world: Survival
  x: 13084.18545555891
  y: 68.0
  z: 44560.75930974119
  yaw: 11.244782
  pitch: 45.60003
homes:
  home:
    world: Survival
    x: 13089.291968499461
    y: 66.0
    z: 44559.256896615516
    yaw: 100.19458
    pitch: 30.750029
logoutlocation:
  world: Survival
  x: 13092.64198699535
  y: 66.0
  z: 44562.75424893396
  yaw: 194.39479
  pitch: 18.300005
