lastAccountName: KingSwirlyEyes
timestamps:
  login: 1532836513040
  lastteleport: 1532836545596
  logout: 1532836488252
ipAddress: 98.200.52.78
lastlocation:
  world: Survival
  x: 128.5
  y: 76.0
  z: 544.5
  yaw: 85.918076
  pitch: 12.750047
homes:
  home:
    world: Survival
    x: 13089.291968499461
    y: 66.0
    z: 44559.256896615516
    yaw: 100.19458
    pitch: 30.750029
logoutlocation:
  world: Survival
  x: 13092.64198699535
  y: 66.0
  z: 44562.75424893396
  yaw: 194.39479
  pitch: 18.300005
