lastAccountName: KingSwirlyEyes
timestamps:
  login: 1532835985160
ipAddress: 98.200.52.78
lastlocation:
  world: Survival
  x: 128.0
  y: 76.0
  z: 544.0
  yaw: 0.0
  pitch: 0.0
homes:
  home:
    world: Survival
    x: 13089.291968499461
    y: 66.0
    z: 44559.256896615516
    yaw: 100.19458
    pitch: 30.750029
