lastAccountName: KingSwirlyEyes
timestamps:
  login: 1532835985160
ipAddress: 98.200.52.78
lastlocation:
  world: Survival
  x: 13084.504829020727
  y: 64.0
  z: 44543.52597297074
  yaw: 133.79315
  pitch: -25.64991
homes:
  home:
    world: Survival
    x: 13089.291968499461
    y: 66.0
    z: 44559.256896615516
    yaw: 100.19458
    pitch: 30.750029
