lastAccountName: Fiddle_Sticks
timestamps:
  login: 1524025820303
  logout: 1524025859415
ipAddress: 66.183.232.22
lastlocation:
  world: Survival
  x: 128.0
  y: 76.0
  z: 544.0
  yaw: 0.0
  pitch: 0.0
geolocation: Canada
logoutlocation:
  world: Survival
  x: 126.5251432795189
  y: 71.0
  z: 506.32178439459676
  yaw: 225.15001
  pitch: 28.950031
