geolocation: United States
lastAccountName: Thinklovery
timestamps:
  login: 1524432323887
  logout: 1524432325495
  command-cooldowns:
  - pattern: .*( .*)?
    expiry: 1523146140798
ipAddress: 71.56.87.254
lastlocation:
  world: Survival
  x: 157.06270297394127
  y: 70.0
  z: 542.5332453361218
  yaw: 297.749
  pitch: 26.244057
logoutlocation:
  world: Survival
  x: 128.5
  y: 76.0
  z: 544.5
  yaw: 1.0500166
  pitch: 2.700013
