lastAccountName: BurgerKingRules
timestamps:
  login: 1529524821143
  lastteleport: 1529524918770
  kits:
    claim: 1529355806517
    iron: 1529373874799
    starter-2: 1529356860042
  logout: 1529525187084
ipAddress: 70.27.118.83
lastlocation:
  world: Survival
  x: 128.5
  y: 76.0
  z: 544.5
  yaw: 85.918076
  pitch: 12.750047
logoutlocation:
  world: Survival
  x: 41530.79721630229
  y: 64.0
  z: 21346.273766829556
  yaw: -67.48602
  pitch: 23.33032
money: '10.0'
homes:
  home:
    world: Survival
    x: 41352.54418570386
    y: 69.0
    z: 21116.47483484465
    yaw: -270.3261
    pitch: 7.8267117
