lastAccountName: Jakt
timestamps:
  login: 1524664233970
  command-cooldowns:
  - pattern: .*( .*)?
    expiry: 1524347465272
  lastteleport: 1524347451306
  logout: 1524347697615
ipAddress: 81.235.44.50
geolocation: Sweden
lastlocation:
  world: Staff
  x: 1836.5077135847987
  y: 55.0
  z: -739.534868928279
  yaw: -184.49734
  pitch: 10.050007
logoutlocation:
  world: Survival
  x: 45.04705659241465
  y: 93.0
  z: 509.3405022976393
  yaw: -0.631883
  pitch: 32.250004
godmode: false
