lastAccountName: Jakt
timestamps:
  login: 1526673864505
  command-cooldowns:
  - pattern: .*( .*)?
    expiry: 1524664315687
  lastteleport: 1526673910793
  logout: 1526673943443
ipAddress: 81.235.44.50
geolocation: Sweden
lastlocation:
  world: Survival
  x: 130.11451268543843
  y: 70.0
  z: 558.3172018670734
  yaw: 42.11783
  pitch: 23.850052
logoutlocation:
  world: Staff
  x: 1844.9806476802678
  y: 55.0
  z: -743.2542980554455
  yaw: -28.647099
  pitch: 14.850002
godmode: false
