lastAccountName: Jakt
timestamps:
  login: 1527950221011
  command-cooldowns:
  - pattern: .*( .*)?
    expiry: 1524664315687
  lastteleport: 1526673910793
  logout: 1527950275586
ipAddress: 81.235.44.50
geolocation: Sweden
lastlocation:
  world: Survival
  x: 130.11451268543843
  y: 70.0
  z: 558.3172018670734
  yaw: 42.11783
  pitch: 23.850052
logoutlocation:
  world: Staff
  x: 1844.0845252028737
  y: 55.661239866101624
  z: -744.6999999880791
  yaw: -22.497437
  pitch: 18.150003
godmode: false
