lastAccountName: Jakt
timestamps:
  login: 1524325279454
  command-cooldowns:
  - pattern: .*( .*)?
    expiry: 1524326532586
  lastteleport: 1524326572249
  logout: 1524326736484
ipAddress: 81.235.44.50
geolocation: Sweden
lastlocation:
  world: Survival
  x: 127.15840750708327
  y: 76.0
  z: 547.2828871948199
  yaw: 1.0500166
  pitch: 2.700013
logoutlocation:
  world: Creative
  x: -62.330852925257744
  y: 65.0
  z: -45.98540555311523
  yaw: 346.64993
  pitch: 39.3
