lastAccountName: Jakt
timestamps:
  login: 1526673864505
  command-cooldowns:
  - pattern: .*( .*)?
    expiry: 1524664315687
  lastteleport: 1526673910793
  logout: 1524664419105
ipAddress: 81.235.44.50
geolocation: Sweden
lastlocation:
  world: Survival
  x: 130.11451268543843
  y: 70.0
  z: 558.3172018670734
  yaw: 42.11783
  pitch: 23.850052
logoutlocation:
  world: Survival
  x: 18.185257549777322
  y: 95.0
  z: 467.46948715989754
  yaw: 95.9679
  pitch: 40.94997
godmode: false
