lastAccountName: Jakt
timestamps:
  login: 1524664233970
  command-cooldowns:
  - pattern: .*( .*)?
    expiry: 1524664315687
  lastteleport: 1524347451306
  logout: 1524664419105
ipAddress: 81.235.44.50
geolocation: Sweden
lastlocation:
  world: Staff
  x: 1836.5077135847987
  y: 55.0
  z: -739.534868928279
  yaw: -184.49734
  pitch: 10.050007
logoutlocation:
  world: Survival
  x: 18.185257549777322
  y: 95.0
  z: 467.46948715989754
  yaw: 95.9679
  pitch: 40.94997
godmode: false
