lastAccountName: Jakt
timestamps:
  login: 1526673864505
  command-cooldowns:
  - pattern: .*( .*)?
    expiry: 1524664315687
  lastteleport: 1526673890769
  logout: 1524664419105
ipAddress: 81.235.44.50
geolocation: Sweden
lastlocation:
  world: Survival
  x: -41.0597493600024
  y: 93.0
  z: 469.7922388716296
  yaw: 10.61789
  pitch: 23.09994
logoutlocation:
  world: Survival
  x: 18.185257549777322
  y: 95.0
  z: 467.46948715989754
  yaw: 95.9679
  pitch: 40.94997
godmode: false
