lastAccountName: Foozyo
timestamps:
  login: 1523154749668
  logout: 1523154820538
ipAddress: 213.122.145.4
geolocation: United Kingdom
lastlocation:
  world: Survival
  x: 128.0
  y: 76.0
  z: 544.0
  yaw: 0.0
  pitch: 0.0
logoutlocation:
  world: Survival
  x: 102.3000000119209
  y: 70.0
  z: 540.8527364038478
  yaw: 82.10466
  pitch: 10.433623
