lastAccountName: EXP
timestamps:
  login: 1532356762895
  kits:
    starter: 1532353360810
    claim: 1532309824398
  logout: 1532356760841
  lastteleport: 1532356029260
ipAddress: 185.190.197.19
lastlocation:
  world: Survival
  x: 128.48690173216164
  y: 76.0
  z: 544.5151140782982
  yaw: 107.279465
  pitch: 13.715533
logoutlocation:
  world: Survival
  x: 207.67638517581548
  y: 75.95797150588288
  z: 319.9636871060825
  yaw: -24.264343
  pitch: 16.263912
