lastAccountName: EXP
timestamps:
  login: 1532356848328
  kits:
    starter: 1532353360810
    claim: 1532309824398
  logout: 1532356846103
  lastteleport: 1532356029260
ipAddress: 185.190.197.19
lastlocation:
  world: Survival
  x: 194.83573135587494
  y: 68.19612681041328
  z: 376.95281686656034
  yaw: -282.68936
  pitch: 33.431274
logoutlocation:
  world: Survival
  x: 197.97342716005906
  y: 96.38229906306461
  z: 376.85042901104975
  yaw: -112.82376
  pitch: 7.0614386
