lastAccountName: EXP
timestamps:
  login: 1532310434126
  kits:
    claim: 1532309824398
  logout: 1532310317616
ipAddress: 185.190.197.19
lastlocation:
  world: Survival
  x: 128.0
  y: 76.0
  z: 544.0
  yaw: 0.0
  pitch: 0.0
logoutlocation:
  world: Survival
  x: 163.5476009170188
  y: 59.0
  z: 374.64710961173233
  yaw: 0.56412125
  pitch: 38.07571
