lastAccountName: EXP
timestamps:
  login: 1532353319005
  kits:
    starter: 1532353360810
    claim: 1532309824398
  logout: 1532310547736
ipAddress: 185.190.197.19
lastlocation:
  world: Survival
  x: 252.30000001192093
  y: 105.0
  z: 368.68124099274013
  yaw: -261.69885
  pitch: 35.08798
logoutlocation:
  world: Survival
  x: 169.53245317725904
  y: 60.0
  z: 418.4425948279145
  yaw: -90.43872
  pitch: 64.71621
