lastAccountName: EXP
timestamps:
  login: 1532454753435
  kits:
    starter: 1532353360810
    claim: 1532309824398
  logout: 1532357946680
  lastteleport: 1532357109147
ipAddress: 185.190.197.19
lastlocation:
  world: Survival
  x: 128.0
  y: 76.0
  z: 544.0
  yaw: 0.0
  pitch: 0.0
logoutlocation:
  world: Survival
  x: 165.1333367106342
  y: 71.54331147797036
  z: 354.75038302895825
  yaw: -164.09895
  pitch: 17.25657
