lastAccountName: EXP
timestamps:
  login: 1532354761686
  kits:
    starter: 1532353360810
    claim: 1532309824398
  logout: 1532354769250
  lastteleport: 1532353984210
ipAddress: 185.190.197.19
lastlocation:
  world: Survival
  x: 87.97073666042068
  y: 72.0
  z: 514.0520976339933
  yaw: 183.58304
  pitch: 10.577675
logoutlocation:
  world: Survival
  x: 171.91473180141148
  y: 64.0
  z: 407.5631429789645
  yaw: -121.00476
  pitch: -68.1891
