lastAccountName: EXP
timestamps:
  login: 1532356055500
  kits:
    starter: 1532353360810
    claim: 1532309824398
  logout: 1532356053596
  lastteleport: 1532356029260
ipAddress: 185.190.197.19
lastlocation:
  world: Survival
  x: 128.48690173216164
  y: 76.0
  z: 544.5151140782982
  yaw: 107.279465
  pitch: 13.715533
logoutlocation:
  world: Survival
  x: 44.75868332874784
  y: 112.00815101446493
  z: 309.75322075250443
  yaw: 85.650444
  pitch: -9.480463
