lastAccountName: EXP
timestamps:
  login: 1532353759362
  kits:
    starter: 1532353360810
    claim: 1532309824398
  logout: 1532353756632
ipAddress: 185.190.197.19
lastlocation:
  world: Survival
  x: 252.30000001192093
  y: 105.0
  z: 368.68124099274013
  yaw: -261.69885
  pitch: 35.08798
logoutlocation:
  world: Survival
  x: 5.32406877207617
  y: 80.19243664001796
  z: 603.1140199106305
  yaw: -250.01727
  pitch: 13.4138365
