lastAccountName: EXP
timestamps:
  login: 1532356848328
  kits:
    starter: 1532353360810
    claim: 1532309824398
  logout: 1532356846103
  lastteleport: 1532357109147
ipAddress: 185.190.197.19
lastlocation:
  world: Survival
  x: 128.5
  y: 76.0
  z: 544.5
  yaw: 85.918076
  pitch: 12.750047
logoutlocation:
  world: Survival
  x: 197.97342716005906
  y: 96.38229906306461
  z: 376.85042901104975
  yaw: -112.82376
  pitch: 7.0614386
