lastAccountName: EXP
timestamps:
  login: 1532354829924
  kits:
    starter: 1532353360810
    claim: 1532309824398
  logout: 1532354769250
  lastteleport: 1532354997056
ipAddress: 185.190.197.19
lastlocation:
  world: Survival
  x: 128.5
  y: 76.0
  z: 544.5
  yaw: 85.918076
  pitch: 12.750047
logoutlocation:
  world: Survival
  x: 171.91473180141148
  y: 64.0
  z: 407.5631429789645
  yaw: -121.00476
  pitch: -68.1891
