lastAccountName: EXP
timestamps:
  login: 1532310434126
  kits:
    claim: 1532309824398
  logout: 1532310547736
ipAddress: 185.190.197.19
lastlocation:
  world: Survival
  x: 128.0
  y: 76.0
  z: 544.0
  yaw: 0.0
  pitch: 0.0
logoutlocation:
  world: Survival
  x: 169.53245317725904
  y: 60.0
  z: 418.4425948279145
  yaw: -90.43872
  pitch: 64.71621
