lastAccountName: EXP
timestamps:
  login: 1532356762895
  kits:
    starter: 1532353360810
    claim: 1532309824398
  logout: 1532356846103
  lastteleport: 1532356029260
ipAddress: 185.190.197.19
lastlocation:
  world: Survival
  x: 128.48690173216164
  y: 76.0
  z: 544.5151140782982
  yaw: 107.279465
  pitch: 13.715533
logoutlocation:
  world: Survival
  x: 197.97342716005906
  y: 96.38229906306461
  z: 376.85042901104975
  yaw: -112.82376
  pitch: 7.0614386
