lastAccountName: EXP
timestamps:
  login: 1532354829924
  kits:
    starter: 1532353360810
    claim: 1532309824398
  logout: 1532354769250
  lastteleport: 1532354997056
ipAddress: 185.190.197.19
lastlocation:
  world: Survival
  x: 157.19045206003173
  y: 75.0
  z: 301.2030122961216
  yaw: -49.63571
  pitch: 57.837128
logoutlocation:
  world: Survival
  x: 171.91473180141148
  y: 64.0
  z: 407.5631429789645
  yaw: -121.00476
  pitch: -68.1891
