lastAccountName: EXP
timestamps:
  login: 1532354829924
  kits:
    starter: 1532353360810
    claim: 1532309824398
  logout: 1532354769250
  lastteleport: 1532353984210
ipAddress: 185.190.197.19
lastlocation:
  world: Survival
  x: 149.97010561686648
  y: 74.0
  z: 283.7131539418843
  yaw: -56.962006
  pitch: 16.83403
logoutlocation:
  world: Survival
  x: 171.91473180141148
  y: 64.0
  z: 407.5631429789645
  yaw: -121.00476
  pitch: -68.1891
