lastAccountName: EXP
timestamps:
  login: 1532357929301
  kits:
    starter: 1532353360810
    claim: 1532309824398
  logout: 1532357926742
  lastteleport: 1532357109147
ipAddress: 185.190.197.19
lastlocation:
  world: Survival
  x: 128.5
  y: 76.0
  z: 544.5
  yaw: 85.918076
  pitch: 12.750047
logoutlocation:
  world: Survival
  x: 169.50144411007744
  y: 107.76227177830836
  z: 338.9382975317759
  yaw: -45.58545
  pitch: 21.239172
