lastAccountName: EXP
timestamps:
  login: 1532356055500
  kits:
    starter: 1532353360810
    claim: 1532309824398
  logout: 1532356066191
  lastteleport: 1532356029260
ipAddress: 185.190.197.19
lastlocation:
  world: Survival
  x: 128.48690173216164
  y: 76.0
  z: 544.5151140782982
  yaw: 107.279465
  pitch: 13.715533
logoutlocation:
  world: Survival
  x: 29.201849677633746
  y: 77.56693483592966
  z: 289.86825749619953
  yaw: 275.94177
  pitch: -78.39216
