lastAccountName: EXP
timestamps:
  login: 1532353851511
  kits:
    starter: 1532353360810
    claim: 1532309824398
  logout: 1532353800921
ipAddress: 185.190.197.19
lastlocation:
  world: Survival
  x: 245.69999998807907
  y: 144.0
  z: 354.69999998807907
  yaw: -90.235565
  pitch: 49.317863
logoutlocation:
  world: Survival
  x: 305.6221599479393
  y: 69.0377687903972
  z: 486.88596525077725
  yaw: -280.6418
  pitch: 4.9356384
