lastAccountName: EXP
timestamps:
  login: 1532356105404
  kits:
    starter: 1532353360810
    claim: 1532309824398
  logout: 1532356367293
  lastteleport: 1532356029260
ipAddress: 185.190.197.19
lastlocation:
  world: Survival
  x: 128.48690173216164
  y: 76.0
  z: 544.5151140782982
  yaw: 107.279465
  pitch: 13.715533
logoutlocation:
  world: Survival
  x: 163.58664978266097
  y: 72.0
  z: 317.591229644616
  yaw: -327.52924
  pitch: 29.771935
