lastAccountName: EXP
timestamps:
  login: 1532454753435
  kits:
    starter: 1532353360810
    claim: 1532309824398
  logout: 1532454834050
  lastteleport: 1532357109147
ipAddress: 185.190.197.19
lastlocation:
  world: Survival
  x: 128.0
  y: 76.0
  z: 544.0
  yaw: 0.0
  pitch: 0.0
logoutlocation:
  world: Survival
  x: 179.2468582082818
  y: 74.74473000419891
  z: 513.8727157531165
  yaw: 211.64253
  pitch: 7.017461
