lastAccountName: EXP
timestamps:
  login: 1532357742913
  kits:
    starter: 1532353360810
    claim: 1532309824398
  logout: 1532357716523
  lastteleport: 1532357109147
ipAddress: 185.190.197.19
lastlocation:
  world: Survival
  x: 128.5
  y: 76.0
  z: 544.5
  yaw: 85.918076
  pitch: 12.750047
logoutlocation:
  world: Survival
  x: 224.62859963260846
  y: 103.17224084604689
  z: 369.75837813960374
  yaw: -138.95117
  pitch: -16.505379
