lastAccountName: EXP
timestamps:
  login: 1532353795373
  kits:
    starter: 1532353360810
    claim: 1532309824398
  logout: 1532353793342
ipAddress: 185.190.197.19
lastlocation:
  world: Survival
  x: 252.30000001192093
  y: 105.0
  z: 368.68124099274013
  yaw: -261.69885
  pitch: 35.08798
logoutlocation:
  world: Survival
  x: 446.22708895967514
  y: 72.32151342322716
  z: 507.25246696303475
  yaw: -329.21783
  pitch: 20.715307
