lastAccountName: KoiDoi
timestamps:
  login: 1528688087935
  lastteleport: 1528689175881
ipAddress: 68.7.173.114
lastlocation:
  world: Survival
  x: 21061.549080845532
  y: 12.0
  z: 17825.56663666511
  yaw: 269.38757
  pitch: 13.200263
homes:
  home:
    world: Survival
    x: 21186.805406178486
    y: 80.0
    z: 17823.382606784347
    yaw: 245.84387
    pitch: 29.15455
