lastAccountName: KoiDoi
timestamps:
  login: 1528688087935
  lastteleport: 1528689415869
ipAddress: 68.7.173.114
lastlocation:
  world: Survival
  x: 21045.97788875174
  y: 12.0
  z: 17825.365232421387
  yaw: -148.33183
  pitch: 16.097534
homes:
  home:
    world: Survival
    x: 21186.805406178486
    y: 80.0
    z: 17823.382606784347
    yaw: 245.84387
    pitch: 29.15455
