lastAccountName: KoiDoi
timestamps:
  login: 1528688087935
  lastteleport: 1528688903540
ipAddress: 68.7.173.114
lastlocation:
  world: Survival
  x: 21197.509728500063
  y: 71.0
  z: 17888.37285014084
  yaw: 89.16043
  pitch: 17.948158
homes:
  home:
    world: Survival
    x: 21186.805406178486
    y: 80.0
    z: 17823.382606784347
    yaw: 245.84387
    pitch: 29.15455
