lastAccountName: KoiDoi
timestamps:
  login: 1528688087935
  lastteleport: 1528688523213
ipAddress: 68.7.173.114
lastlocation:
  world: Survival
  x: 21156.07499998808
  y: 68.0
  z: 17804.851583674543
  yaw: 99.293976
  pitch: 25.453331
homes:
  home:
    world: Survival
    x: 21182.86211357066
    y: 76.0
    z: 17837.961742781885
    yaw: -86.6909
    pitch: 27.817987
