lastAccountName: KoiDoi
timestamps:
  login: 1528688087935
  lastteleport: 1528688523213
ipAddress: 68.7.173.114
lastlocation:
  world: Survival
  x: 21209.494378814667
  y: 63.0
  z: 17821.84948674079
  yaw: -274.32068
  pitch: 16.82063
homes:
  home:
    world: Survival
    x: 21182.86211357066
    y: 76.0
    z: 17837.961742781885
    yaw: -86.6909
    pitch: 27.817987
