lastAccountName: KoiDoi
timestamps:
  login: 1528688087935
  lastteleport: 1528688743334
ipAddress: 68.7.173.114
lastlocation:
  world: Survival
  x: 21064.324977856035
  y: 12.0
  z: 17825.69999998808
  yaw: 328.7707
  pitch: 12.274936
homes:
  home:
    world: Survival
    x: 21182.86211357066
    y: 76.0
    z: 17837.961742781885
    yaw: -86.6909
    pitch: 27.817987
