lastAccountName: KoiDoi
timestamps:
  login: 1528688087935
  lastteleport: 1528688743334
ipAddress: 68.7.173.114
lastlocation:
  world: Survival
  x: 21064.324977856035
  y: 12.0
  z: 17825.69999998808
  yaw: 328.7707
  pitch: 12.274936
homes:
  home:
    world: Survival
    x: 21186.805406178486
    y: 80.0
    z: 17823.382606784347
    yaw: 245.84387
    pitch: 29.15455
