lastAccountName: KoiDoi
timestamps:
  login: 1528688087935
  lastteleport: 1528689753057
ipAddress: 68.7.173.114
lastlocation:
  world: Survival
  x: 21176.71425663171
  y: 60.0
  z: 17780.540178007366
  yaw: 104.728546
  pitch: 35.426037
homes:
  home:
    world: Survival
    x: 21186.805406178486
    y: 80.0
    z: 17823.382606784347
    yaw: 245.84387
    pitch: 29.15455
