lastAccountName: KoiDoi
timestamps:
  login: 1528688087935
  lastteleport: 1528689689200
ipAddress: 68.7.173.114
lastlocation:
  world: Survival
  x: 21189.159490491555
  y: 69.0
  z: 17827.51037130672
  yaw: 241.21722
  pitch: 25.35055
homes:
  home:
    world: Survival
    x: 21186.805406178486
    y: 80.0
    z: 17823.382606784347
    yaw: 245.84387
    pitch: 29.15455
