lastAccountName: KoiDoi
timestamps:
  login: 1528688087935
  lastteleport: 1528690131175
ipAddress: 68.7.173.114
lastlocation:
  world: Survival
  x: 21219.7085265713
  y: 61.0
  z: 17988.974076070415
  yaw: 321.61514
  pitch: 18.976297
homes:
  home:
    world: Survival
    x: 21186.805406178486
    y: 80.0
    z: 17823.382606784347
    yaw: 245.84387
    pitch: 29.15455
