lastAccountName: KoiDoi
timestamps:
  login: 1528688087935
  lastteleport: 1528688572156
ipAddress: 68.7.173.114
lastlocation:
  world: Survival
  x: 21173.29120451705
  y: 70.0
  z: 17844.410236738677
  yaw: 78.320595
  pitch: 31.621992
homes:
  home:
    world: Survival
    x: 21182.86211357066
    y: 76.0
    z: 17837.961742781885
    yaw: -86.6909
    pitch: 27.817987
