lastAccountName: KoiDoi
timestamps:
  login: 1528688087935
  lastteleport: 1528689949304
ipAddress: 68.7.173.114
lastlocation:
  world: Survival
  x: 21182.066451668317
  y: 52.0
  z: 17812.53388286348
  yaw: 357.59888
  pitch: 5.8165035
homes:
  home:
    world: Survival
    x: 21186.805406178486
    y: 80.0
    z: 17823.382606784347
    yaw: 245.84387
    pitch: 29.15455
