lastAccountName: KoiDoi
timestamps:
  login: 1528688087935
  lastteleport: 1528688903540
ipAddress: 68.7.173.114
lastlocation:
  world: Survival
  x: 21170.721288631714
  y: 13.0
  z: 17826.30000001192
  yaw: 243.31787
  pitch: 34.08949
homes:
  home:
    world: Survival
    x: 21186.805406178486
    y: 80.0
    z: 17823.382606784347
    yaw: 245.84387
    pitch: 29.15455
