lastAccountName: KoiDoi
timestamps:
  login: 1528688087935
  lastteleport: 1528688999316
ipAddress: 68.7.173.114
lastlocation:
  world: Survival
  x: 128.5
  y: 76.0
  z: 544.5
  yaw: 84.47872
  pitch: 13.366912
homes:
  home:
    world: Survival
    x: 21186.805406178486
    y: 80.0
    z: 17823.382606784347
    yaw: 245.84387
    pitch: 29.15455
