lastAccountName: KoiDoi
timestamps:
  login: 1528688087935
  lastteleport: 1528689669341
ipAddress: 68.7.173.114
lastlocation:
  world: Survival
  x: 21171.00057310524
  y: 13.0
  z: 17822.4768582236
  yaw: -329.57275
  pitch: 14.555453
homes:
  home:
    world: Survival
    x: 21186.805406178486
    y: 80.0
    z: 17823.382606784347
    yaw: 245.84387
    pitch: 29.15455
