lastAccountName: KoiDoi
timestamps:
  login: 1528688087935
  lastteleport: 1528689259749
ipAddress: 68.7.173.114
lastlocation:
  world: Survival
  x: 21123.65649433026
  y: 12.0
  z: 17825.69999998808
  yaw: 90.540344
  pitch: 15.275034
homes:
  home:
    world: Survival
    x: 21186.805406178486
    y: 80.0
    z: 17823.382606784347
    yaw: 245.84387
    pitch: 29.15455
