lastAccountName: KoiDoi
timestamps:
  login: 1528688087935
  lastteleport: 1528688266283
ipAddress: 68.7.173.114
lastlocation:
  world: Survival
  x: -60.30000001192094
  y: 68.0
  z: 554.0329285158266
  yaw: 304.3913
  pitch: 7.7123213
homes:
  home:
    world: Survival
    x: 21181.304233731644
    y: 85.0
    z: 17836.279568409234
    yaw: 7.116638
    pitch: 37.173786
