lastAccountName: KoiDoi
timestamps:
  login: 1528688087935
  lastteleport: 1528688558084
ipAddress: 68.7.173.114
lastlocation:
  world: Survival
  x: 128.5
  y: 76.0
  z: 544.5
  yaw: 184.2053
  pitch: 34.75158
homes:
  home:
    world: Survival
    x: 21182.86211357066
    y: 76.0
    z: 17837.961742781885
    yaw: -86.6909
    pitch: 27.817987
