lastAccountName: KoiDoi
timestamps:
  login: 1528688087935
  lastteleport: 1528688440950
ipAddress: 68.7.173.114
lastlocation:
  world: Survival
  x: 21146.586485701588
  y: 69.0
  z: 17859.274338384752
  yaw: -109.10382
  pitch: 24.9393
homes:
  home:
    world: Survival
    x: 21182.86211357066
    y: 76.0
    z: 17837.961742781885
    yaw: -86.6909
    pitch: 27.817987
