lastAccountName: KoiDoi
timestamps:
  login: 1528688087935
  lastteleport: 1528688412607
ipAddress: 68.7.173.114
lastlocation:
  world: Survival
  x: 21183.69999998808
  y: 76.0
  z: 17839.949086342684
  yaw: -8.760229
  pitch: 60.100624
homes:
  home:
    world: Survival
    x: 21182.86211357066
    y: 76.0
    z: 17837.961742781885
    yaw: -86.6909
    pitch: 27.817987
