lastAccountName: MakisMigee123
timestamps:
  login: 1526694994391
ipAddress: 73.137.129.182
lastlocation:
  world: Survival
  x: 168.83686610518518
  y: 67.0
  z: 537.4775240269865
  yaw: -122.92786
  pitch: 28.443283
