lastAccountName: i_am_Choi_Boy
timestamps:
  login: 1527793454917
  logout: 1527793456323
ipAddress: 97.121.163.244
lastlocation:
  world: Survival
  x: 128.0
  y: 76.0
  z: 544.0
  yaw: 0.0
  pitch: 0.0
logoutlocation:
  world: Survival
  x: 128.5
  y: 76.0
  z: 544.5
  yaw: 85.918076
  pitch: 12.750047
