lastAccountName: i_am_Choi_Boy
timestamps:
  login: 1527802221165
  logout: 1527802279857
  lastteleport: 1527802270126
ipAddress: 97.121.163.244
lastlocation:
  world: Survival
  x: 104.6664277697846
  y: 70.0
  z: 548.9554028552246
  yaw: 113.66803
  pitch: 21.900055
logoutlocation:
  world: Survival
  x: 115.24406601184636
  y: 70.0
  z: 548.4635274561525
  yaw: 81.26811
  pitch: 18.750042
