lastAccountName: i_am_Choi_Boy
timestamps:
  login: 1527824642134
  logout: 1527824642064
  lastteleport: 1527802392082
ipAddress: 97.121.163.244
lastlocation:
  world: Staff
  x: 1836.7739500012399
  y: 55.0
  z: -765.3717000147327
  yaw: 180.9025
  pitch: 16.200014
logoutlocation:
  world: Survival
  x: 42.41540292723127
  y: 101.11808210482887
  z: 556.5376285189982
  yaw: -33.781937
  pitch: 23.100046
