lastAccountName: i_am_Choi_Boy
timestamps:
  login: 1527802221165
  logout: 1527802238178
  lastteleport: 1527802243643
ipAddress: 97.121.163.244
lastlocation:
  world: Survival
  x: 12225.913731499253
  y: 79.48748937927486
  z: 4917.255141072462
  yaw: 13.200084
  pitch: 22.800003
logoutlocation:
  world: Survival
  x: 12226.699999988079
  y: 68.0
  z: 4912.229637097013
  yaw: 284.7001
  pitch: 21.449997
