lastAccountName: i_am_Choi_Boy
timestamps:
  login: 1527802221165
  logout: 1527794261583
ipAddress: 97.121.163.244
lastlocation:
  world: Survival
  x: 128.0
  y: 76.0
  z: 544.0
  yaw: 0.0
  pitch: 0.0
logoutlocation:
  world: Survival
  x: 12226.699999988079
  y: 68.0
  z: 4912.229637097013
  yaw: 284.7001
  pitch: 21.449997
