lastAccountName: i_am_Choi_Boy
timestamps:
  login: 1527824642134
  logout: 1527824642064
  lastteleport: 1527802392082
ipAddress: 97.121.163.244
lastlocation:
  world: Staff
  x: 1836.7739500012399
  y: 55.0
  z: -765.3717000147327
  yaw: 180.9025
  pitch: 16.200014
logoutlocation:
  world: Survival
  x: 45.062656280157874
  y: 68.0
  z: 555.5782183385511
  yaw: -59.13196
  pitch: 11.100038
