lastAccountName: i_am_Choi_Boy
timestamps:
  login: 1527802308981
  logout: 1527802343514
  lastteleport: 1527802367169
ipAddress: 97.121.163.244
lastlocation:
  world: Survival
  x: 122.68986458669883
  y: 78.4142384155977
  z: 544.9279540496714
  yaw: -88.83194
  pitch: 23.850029
logoutlocation:
  world: Survival
  x: 115.24406601184636
  y: 70.0
  z: 548.4635274561525
  yaw: 81.26811
  pitch: 18.750042
