lastAccountName: i_am_Choi_Boy
timestamps:
  login: 1528407695620
  logout: 1528407695512
  lastteleport: 1527802392082
ipAddress: 97.121.132.151
lastlocation:
  world: Staff
  x: 1836.7739500012399
  y: 55.0
  z: -765.3717000147327
  yaw: 180.9025
  pitch: 16.200014
logoutlocation:
  world: Survival
  x: 172.2435700912401
  y: 74.74317126936853
  z: 523.5111204236717
  yaw: -246.93225
  pitch: 12.300078
