lastAccountName: i_am_Choi_Boy
timestamps:
  login: 1527802308981
  logout: 1527802343514
  lastteleport: 1527802392082
ipAddress: 97.121.163.244
lastlocation:
  world: Staff
  x: 1836.7739500012399
  y: 55.0
  z: -765.3717000147327
  yaw: 180.9025
  pitch: 16.200014
logoutlocation:
  world: Survival
  x: 115.24406601184636
  y: 70.0
  z: 548.4635274561525
  yaw: 81.26811
  pitch: 18.750042
