lastAccountName: wolfyblox589
timestamps:
  login: 1524611018680
  command-cooldowns:
  - pattern: .*( .*)?
    expiry: 1524612339783
  lastteleport: 1524612252088
  logout: 1524531848363
ipAddress: 100.40.106.195
geolocation: United States
lastlocation:
  world: Survival
  x: 126.27657002248677
  y: 71.64288877686558
  z: 531.1412683914868
  yaw: -94.2313
  pitch: 9.749992
logoutlocation:
  world: Creative
  x: -3.5731146776020863
  y: 67.49389623719117
  z: -105.21619861413083
  yaw: 273.14975
  pitch: 6.5999465
