lastAccountName: wolfyblox589
timestamps:
  login: 1524611018680
  command-cooldowns:
  - pattern: .*( .*)?
    expiry: 1524614202933
  lastteleport: 1524614203738
  logout: 1524531848363
ipAddress: 100.40.106.195
geolocation: United States
lastlocation:
  world: Creative
  x: -59.304148646777094
  y: 79.85705546195655
  z: -16.483775522104004
  yaw: -190.6497
  pitch: 37.64977
logoutlocation:
  world: Creative
  x: -3.5731146776020863
  y: 67.49389623719117
  z: -105.21619861413083
  yaw: 273.14975
  pitch: 6.5999465
nickname: Wolfyblox
