lastAccountName: wolfyblox589
timestamps:
  login: 1524611018680
  command-cooldowns:
  - pattern: .*( .*)?
    expiry: 1524614901034
  lastteleport: 1524614203738
  logout: 1524614323560
ipAddress: 100.40.106.195
geolocation: United States
lastlocation:
  world: Survival
  x: 30794.87646549034
  y: 10.0
  z: 36005.30000001192
  yaw: 90.511856
  pitch: 10.500306
logoutlocation:
  world: Creative
  x: -3.5731146776020863
  y: 67.49389623719117
  z: -105.21619861413083
  yaw: 273.14975
  pitch: 6.5999465
nickname: Wolfyblox
