lastAccountName: wolfyblox589
timestamps:
  login: 1524615141776
  command-cooldowns:
  - pattern: .*( .*)?
    expiry: 1524615358422
  lastteleport: 1524614203738
  logout: 1524615133836
ipAddress: 100.40.106.195
geolocation: United States
lastlocation:
  world: Survival
  x: 30719.69999998808
  y: 60.49285566007915
  z: 35973.30000001192
  yaw: -62.23491
  pitch: 76.199905
logoutlocation:
  world: Survival
  x: -14.228959406586405
  y: 93.75713004475983
  z: 487.3951242980191
  yaw: 315.4524
  pitch: 49.645607
nickname: Wolfyblox
