lastAccountName: wolfyblox589
timestamps:
  login: 1524782893046
  command-cooldowns:
  - pattern: .*( .*)?
    expiry: 1524782935176
  lastteleport: 1524614203738
  logout: 1524782892900
ipAddress: 100.40.106.195
geolocation: United States
lastlocation:
  world: Survival
  x: -4.316211411770777
  y: 86.45305913173958
  z: 508.7791006422525
  yaw: 207.75217
  pitch: 26.09561
logoutlocation:
  world: Survival
  x: 30747.69339672987
  y: 115.18393332986673
  z: 36030.445476878216
  yaw: -51.806274
  pitch: 70.64993
nickname: Wolfyblox
