lastAccountName: wolfyblox589
timestamps:
  login: 1524687227755
  command-cooldowns:
  - pattern: .*( .*)?
    expiry: 1524687310817
  lastteleport: 1524614203738
  logout: 1524615478451
ipAddress: 100.40.106.195
geolocation: United States
lastlocation:
  world: Survival
  x: -4.316211411770777
  y: 86.45305913173958
  z: 508.7791006422525
  yaw: 207.75217
  pitch: 26.09561
logoutlocation:
  world: Survival
  x: -1.5048567317178685
  y: 92.74329435484786
  z: 521.5768220128112
  yaw: 125.252014
  pitch: 10.94561
nickname: Wolfyblox
