lastAccountName: wolfyblox589
timestamps:
  login: 1524782893046
  command-cooldowns:
  - pattern: .*( .*)?
    expiry: 1524782923110
  lastteleport: 1524614203738
  logout: 1524782892900
ipAddress: 100.40.106.195
geolocation: United States
lastlocation:
  world: Survival
  x: -4.316211411770777
  y: 86.45305913173958
  z: 508.7791006422525
  yaw: 207.75217
  pitch: 26.09561
logoutlocation:
  world: Survival
  x: 30640.773038710522
  y: 72.80987251521056
  z: 36014.97467055401
  yaw: -329.60583
  pitch: 2.5499277
nickname: Wolfyblox
