lastAccountName: wolfyblox589
timestamps:
  login: 1524687227755
  command-cooldowns:
  - pattern: .*( .*)?
    expiry: 1524687280269
  lastteleport: 1524614203738
  logout: 1524615478451
ipAddress: 100.40.106.195
geolocation: United States
lastlocation:
  world: Survival
  x: 30719.69999998808
  y: 60.49285566007915
  z: 35973.30000001192
  yaw: -62.23491
  pitch: 76.199905
logoutlocation:
  world: Survival
  x: -1.5048567317178685
  y: 92.74329435484786
  z: 521.5768220128112
  yaw: 125.252014
  pitch: 10.94561
nickname: Wolfyblox
