lastAccountName: wolfyblox589
timestamps:
  login: 1524611018680
  command-cooldowns:
  - pattern: .*( .*)?
    expiry: 1524615065503
  lastteleport: 1524614203738
  logout: 1524614323560
ipAddress: 100.40.106.195
geolocation: United States
lastlocation:
  world: Survival
  x: 30719.69999998808
  y: 60.49285566007915
  z: 35973.30000001192
  yaw: -62.23491
  pitch: 76.199905
logoutlocation:
  world: Creative
  x: -3.5731146776020863
  y: 67.49389623719117
  z: -105.21619861413083
  yaw: 273.14975
  pitch: 6.5999465
nickname: Wolfyblox
