lastAccountName: wolfyblox589
timestamps:
  login: 1524611018680
  command-cooldowns:
  - pattern: .*( .*)?
    expiry: 1524612120206
  lastteleport: 1524611137630
  logout: 1524531848363
ipAddress: 100.40.106.195
geolocation: United States
lastlocation:
  world: Staff
  x: 1837.6457082178463
  y: 55.0
  z: -744.0548802941876
  yaw: 272.7024
  pitch: 7.0500064
logoutlocation:
  world: Creative
  x: -3.5731146776020863
  y: 67.49389623719117
  z: -105.21619861413083
  yaw: 273.14975
  pitch: 6.5999465
