lastAccountName: wolfyblox589
timestamps:
  login: 1524611018680
  command-cooldowns:
  - pattern: .*( .*)?
    expiry: 1524614479425
  lastteleport: 1524614203738
  logout: 1524614323560
ipAddress: 100.40.106.195
geolocation: United States
lastlocation:
  world: Survival
  x: 169.19776918612638
  y: 77.75891690373423
  z: 549.100163292042
  yaw: -45.031914
  pitch: 40.950073
logoutlocation:
  world: Creative
  x: -3.5731146776020863
  y: 67.49389623719117
  z: -105.21619861413083
  yaw: 273.14975
  pitch: 6.5999465
nickname: Wolfyblox
