lastAccountName: wolfyblox589
timestamps:
  login: 1524611018680
  command-cooldowns:
  - pattern: .*( .*)?
    expiry: 1524613947554
  lastteleport: 1524613867409
  logout: 1524531848363
ipAddress: 100.40.106.195
geolocation: United States
lastlocation:
  world: Survival
  x: 129.4377359792536
  y: 76.0
  z: 544.5620932144068
  yaw: 59.96848
  pitch: 16.799974
logoutlocation:
  world: Creative
  x: -3.5731146776020863
  y: 67.49389623719117
  z: -105.21619861413083
  yaw: 273.14975
  pitch: 6.5999465
nickname: Wolfyblox
