lastAccountName: wolfyblox589
timestamps:
  login: 1527366976309
  command-cooldowns:
  - pattern: .*( .*)?
    expiry: 1524782935176
  lastteleport: 1524614203738
  logout: 1527366976188
ipAddress: 100.40.106.195
geolocation: United States
lastlocation:
  world: Survival
  x: -4.316211411770777
  y: 86.45305913173958
  z: 508.7791006422525
  yaw: 207.75217
  pitch: 26.09561
logoutlocation:
  world: Survival
  x: 30756.642784058535
  y: 81.36813547579965
  z: 36022.699923977576
  yaw: -165.95628
  pitch: 34.64993
nickname: Wolfyblox
