lastAccountName: wolfyblox589
timestamps:
  login: 1524611018680
  command-cooldowns:
  - pattern: .*( .*)?
    expiry: 1524613683436
  lastteleport: 1524613499012
  logout: 1524531848363
ipAddress: 100.40.106.195
geolocation: United States
lastlocation:
  world: Creative
  x: -275.9377859239444
  y: 76.88944143335368
  z: -237.10737868851905
  yaw: 123.44983
  pitch: 28.20003
logoutlocation:
  world: Creative
  x: -3.5731146776020863
  y: 67.49389623719117
  z: -105.21619861413083
  yaw: 273.14975
  pitch: 6.5999465
nickname: Wolfyblox
