lastAccountName: kickofenergy
timestamps:
  login: 1525304797311
  logout: 1525304798499
ipAddress: 207.119.40.144
lastlocation:
  world: Survival
  x: 128.0
  y: 76.0
  z: 544.0
  yaw: 0.0
  pitch: 0.0
logoutlocation:
  world: Survival
  x: 128.5
  y: 76.0
  z: 544.5
  yaw: 85.918076
  pitch: 12.750047
