lastAccountName: kiingkiller
timestamps:
  login: 1528144100221
  logout: 1528144485388
ipAddress: 86.181.234.13
lastlocation:
  world: Survival
  x: 247.71271132466788
  y: 75.0
  z: 337.4450562116347
  yaw: -19.68222
  pitch: 50.40001
logoutlocation:
  world: Survival
  x: 247.71271132466788
  y: 75.0
  z: 337.4450562116347
  yaw: -19.68222
  pitch: 50.40001
