lastAccountName: ThornMonkey
timestamps:
  login: 1523991993955
  command-cooldowns:
  - pattern: .*( .*)?
    expiry: 1523992085476
  kits:
    starter: 1523992072094
    claim: 1523992080477
  logout: 1523992124981
ipAddress: 74.110.126.204
lastlocation:
  world: Survival
  x: 128.0
  y: 76.0
  z: 544.0
  yaw: 0.0
  pitch: 0.0
geolocation: United States
logoutlocation:
  world: Survival
  x: 23546.30000001192
  y: 72.0
  z: 25711.30000001192
  yaw: -202.20033
  pitch: 16.350029
