lastAccountName: Flomich
timestamps:
  login: 1527948490103
  logout: 1527686699217
ipAddress: 80.110.71.128
lastlocation:
  world: Survival
  x: 128.0
  y: 76.0
  z: 544.0
  yaw: 0.0
  pitch: 0.0
logoutlocation:
  world: Survival
  x: 143.6244961344753
  y: 70.0
  z: 553.4354782279945
  yaw: -26.25409
  pitch: 17.622068
