lastAccountName: Flomich
timestamps:
  login: 1527948490103
  logout: 1527686699217
  lastteleport: 1527948573445
ipAddress: 80.110.71.128
lastlocation:
  world: Survival
  x: 141.00596076827912
  y: 70.0
  z: 548.8245115327952
  yaw: -137.37308
  pitch: -2.7565913
logoutlocation:
  world: Survival
  x: 143.6244961344753
  y: 70.0
  z: 553.4354782279945
  yaw: -26.25409
  pitch: 17.622068
