lastAccountName: Flomich
timestamps:
  login: 1528034301043
  logout: 1527949219898
  lastteleport: 1527948650244
ipAddress: 80.110.71.128
lastlocation:
  world: Staff
  x: 1836.8089106753948
  y: 55.5
  z: -745.0120770441113
  yaw: -64.140594
  pitch: -24.26253
logoutlocation:
  world: Survival
  x: -109.35694166012159
  y: 63.0
  z: 687.9076787423412
  yaw: -2.5707092
  pitch: 9.502117
