lastAccountName: Flomich
timestamps:
  login: 1528182233016
  logout: 1528182456365
  lastteleport: 1527948650244
ipAddress: 80.110.71.128
lastlocation:
  world: Staff
  x: 1836.8089106753948
  y: 55.5
  z: -745.0120770441113
  yaw: -64.140594
  pitch: -24.26253
logoutlocation:
  world: Survival
  x: -56.2162325437931
  y: 69.0
  z: 696.6975937768757
  yaw: -181.27563
  pitch: 31.505035
