lastAccountName: Flomich
timestamps:
  login: 1527948490103
  logout: 1527686699217
  lastteleport: 1527948650244
ipAddress: 80.110.71.128
lastlocation:
  world: Staff
  x: 1836.8089106753948
  y: 55.5
  z: -745.0120770441113
  yaw: -64.140594
  pitch: -24.26253
logoutlocation:
  world: Survival
  x: 143.6244961344753
  y: 70.0
  z: 553.4354782279945
  yaw: -26.25409
  pitch: 17.622068
