lastAccountName: Flomich
timestamps:
  login: 1528034301043
  logout: 1528034308324
  lastteleport: 1527948650244
ipAddress: 80.110.71.128
lastlocation:
  world: Staff
  x: 1836.8089106753948
  y: 55.5
  z: -745.0120770441113
  yaw: -64.140594
  pitch: -24.26253
logoutlocation:
  world: Survival
  x: -110.69999998807907
  y: 63.0
  z: 680.1302678877917
  yaw: -185.97876
  pitch: 11.126126
