geolocation: United States
lastAccountName: pilot1935
timestamps:
  login: 1524339284011
  command-cooldowns:
  - pattern: .*( .*)?
    expiry: 1524339538338
  kits:
    starter: 1524339533339
  logout: 1524339786721
ipAddress: 76.77.189.114
lastlocation:
  world: Survival
  x: 128.0
  y: 76.0
  z: 544.0
  yaw: 0.0
  pitch: 0.0
logoutlocation:
  world: Survival
  x: 70.82171766364003
  y: 71.0
  z: 513.7621232617935
  yaw: 128.57996
  pitch: 22.807417
