geolocation: Canada
lastAccountName: ExGeeKay
timestamps:
  login: 1523490773963
  logout: 1523490775136
ipAddress: 67.68.62.33
lastlocation:
  world: Survival
  x: 128.0
  y: 76.0
  z: 544.0
  yaw: 0.0
  pitch: 0.0
logoutlocation:
  world: Survival
  x: 128.5
  y: 76.0
  z: 544.5
  yaw: 1.0500166
  pitch: 2.700013
