lastAccountName: Nicegamertag11
timestamps:
  login: 1532726152792
  kits:
    starter: 1530056056899
    claim: 1530056049630
  logout: 1532726263064
  lastteleport: 1532726162568
ipAddress: 104.1.11.71
lastlocation:
  world: Survival
  x: -328.9786755168835
  y: 68.0
  z: 943.6999999880791
  yaw: -13.23223
  pitch: 31.949972
logoutlocation:
  world: Survival
  x: 114.54909229291894
  y: 68.0
  z: 620.2679553424725
  yaw: 14.96806
  pitch: 17.100058
