lastAccountName: Nicegamertag11
timestamps:
  login: 1530055554286
  kits:
    starter: 1530056056899
    claim: 1530056049630
  logout: 1530056209635
ipAddress: 104.1.11.71
lastlocation:
  world: Survival
  x: 128.0
  y: 76.0
  z: 544.0
  yaw: 0.0
  pitch: 0.0
logoutlocation:
  world: Survival
  x: -305.163541027135
  y: 62.0
  z: 948.2556854627392
  yaw: 171.86768
  pitch: 19.19994
