lastAccountName: Nicegamertag11
timestamps:
  login: 1532726093291
  kits:
    starter: 1530056056899
    claim: 1530056049630
  logout: 1532726140105
ipAddress: 104.1.11.71
lastlocation:
  world: Survival
  x: 128.0
  y: 76.0
  z: 544.0
  yaw: 0.0
  pitch: 0.0
logoutlocation:
  world: Survival
  x: -327.5248086872938
  y: 68.0
  z: 942.422890865323
  yaw: 28.61778
  pitch: 6.299948
