lastAccountName: LemonLimeSoda
timestamps:
  login: 1525562454151
  logout: 1525562367468
  kits:
    iron: 1525562767668
ipAddress: 189.146.183.215
lastlocation:
  world: Survival
  x: 128.0
  y: 76.0
  z: 544.0
  yaw: 0.0
  pitch: 0.0
logoutlocation:
  world: Survival
  x: 128.5
  y: 76.0
  z: 544.5
  yaw: 85.918076
  pitch: 12.750047
homes:
  home:
    world: Survival
    x: 20973.77233720434
    y: 98.62529431841764
    z: 37868.14084220459
    yaw: 73.65015
    pitch: 50.250214
