lastAccountName: LemonLimeSoda
timestamps:
  login: 1525562065991
  logout: 1525562028111
ipAddress: 189.146.183.215
lastlocation:
  world: Survival
  x: 128.0
  y: 76.0
  z: 544.0
  yaw: 0.0
  pitch: 0.0
logoutlocation:
  world: Survival
  x: 128.5
  y: 76.0
  z: 544.5
  yaw: 85.918076
  pitch: 12.750047
