lastAccountName: LemonLimeSoda
timestamps:
  login: 1525562454151
  logout: 1525564921808
  kits:
    iron: 1525562767668
    claim: 1525564164759
ipAddress: 189.146.183.215
lastlocation:
  world: Survival
  x: 128.0
  y: 76.0
  z: 544.0
  yaw: 0.0
  pitch: 0.0
logoutlocation:
  world: Survival
  x: 20978.470719191533
  y: 88.0
  z: 37859.91030173032
  yaw: 159.17139
  pitch: 8.249966
homes:
  home:
    world: Survival
    x: 20976.59060981145
    y: 88.0
    z: 37863.83881174113
    yaw: 215.70728
    pitch: 27.15003
