lastAccountName: LemonLimeSoda
timestamps:
  login: 1525621259601
  logout: 1525621688889
  kits:
    color: 1525621438952
    iron: 1525562767668
    claim: 1525564164759
  lastteleport: 1525620692977
ipAddress: 189.146.183.215
lastlocation:
  world: Survival
  x: 20981.511239284562
  y: 86.5
  z: 37853.32852473654
  yaw: 215.25737
  pitch: 17.250027
logoutlocation:
  world: Survival
  x: 20984.622999494
  y: 85.0
  z: 37846.42299491166
  yaw: 54.156433
  pitch: 15.150031
homes:
  home:
    world: Survival
    x: 20976.59060981145
    y: 88.0
    z: 37863.83881174113
    yaw: 215.70728
    pitch: 27.15003
nickname: DatBoiSoda
afk: false
