lastAccountName: jonathan1q2w3e4r
timestamps:
  login: 1523747456980
  logout: 1523747460583
ipAddress: 73.125.5.60
lastlocation:
  world: Survival
  x: 128.0
  y: 76.0
  z: 544.0
  yaw: 0.0
  pitch: 0.0
geolocation: United States
logoutlocation:
  world: Survival
  x: 129.0452488728849
  y: 76.0
  z: 544.4855585492128
  yaw: -167.0917
  pitch: -2.0688674
