lastAccountName: Driplo
timestamps:
  login: 1523141344465
  logout: 1523141360657
ipAddress: 207.119.50.86
lastlocation:
  world: Survival
  x: 128.0
  y: 76.0
  z: 544.0
  yaw: 0.0
  pitch: 0.0
geolocation: United States
logoutlocation:
  world: Survival
  x: 128.5
  y: 76.0
  z: 544.5
  yaw: -3.4499836
  pitch: 7.050015
