lastAccountName: katherineleigh3
timestamps:
  login: 1532836081071
  lastteleport: 1532836127349
ipAddress: 69.113.175.3
lastlocation:
  world: Survival
  x: 128.5
  y: 76.0
  z: 544.5
  yaw: 85.918076
  pitch: 12.750047
