lastAccountName: katherineleigh3
timestamps:
  login: 1532836081071
  lastteleport: 1532836247939
  logout: 1532836627353
ipAddress: 69.113.175.3
lastlocation:
  world: Survival
  x: 13084.300000011921
  y: 66.0
  z: 44563.69999998808
  yaw: 231.89893
  pitch: 27.14999
logoutlocation:
  world: Survival
  x: 128.5
  y: 76.0
  z: 544.5
  yaw: 85.918076
  pitch: 12.750047
