lastAccountName: katherineleigh3
timestamps:
  login: 1532836081071
  lastteleport: 1532836247939
ipAddress: 69.113.175.3
lastlocation:
  world: Survival
  x: 13039.994436437133
  y: 63.0
  z: 44594.81850152697
  yaw: 42.89971
  pitch: -2.2499914
