lastAccountName: bambinosolo
timestamps:
  login: 1522770180888
  logout: 1522770217402
ipAddress: 83.249.3.34
geolocation: Sweden
lastlocation:
  world: survival
  x: 128.0
  y: 76.0
  z: 544.0
  yaw: 0.0
  pitch: 0.0
logoutlocation:
  world: survival
  x: 129.08736958530696
  y: 70.0
  z: 537.474459210769
  yaw: 15.450562
  pitch: 2.2500136
