lastAccountName: Romlopsan
timestamps:
  login: 1528558049918
  logout: 1528558237845
ipAddress: 187.213.99.192
lastlocation:
  world: Survival
  x: 128.0
  y: 76.0
  z: 544.0
  yaw: 0.0
  pitch: 0.0
homes:
  home:
    world: Survival
    x: 127.21511490674162
    y: 76.0
    z: 546.9856272490753
    yaw: 79.5486
    pitch: 6.208421
logoutlocation:
  world: Survival
  x: 186.73049225555314
  y: 78.0
  z: 405.07300495338666
  yaw: 114.755264
  pitch: 3.8733282
