lastAccountName: DoiHoi
timestamps:
  login: 1528688649158
  lastteleport: 1528688072422
  logout: 1528688643742
  kits:
    starter: 1528665135317
ipAddress: 68.111.219.232
lastlocation:
  world: Survival
  x: 19438.267691214634
  y: 70.0
  z: 33848.24274044643
  yaw: 145.94998
  pitch: 19.8
homes:
  home:
    world: Survival
    x: 21182.16104894875
    y: 67.0
    z: 17811.024243222753
    yaw: 305.02625
    pitch: 26.70003
logoutlocation:
  world: Survival
  x: 21112.361510345378
  y: 68.8500000178814
  z: 17808.436455223968
  yaw: 97.51619
  pitch: 16.500002
afk: false
