lastAccountName: DoiHoi
timestamps:
  login: 1528762918084
  lastteleport: 1528764788485
  logout: 1528691366426
  kits:
    starter: 1528665135317
    claim: 1528690369111
    iron: 1528763017481
ipAddress: 68.111.219.232
lastlocation:
  world: Survival
  x: 128.5
  y: 76.0
  z: 544.5
  yaw: 85.918076
  pitch: 12.750047
homes:
  home:
    world: Survival
    x: 21181.260422132116
    y: 85.0
    z: 17836.47771709075
    yaw: 98.099976
    pitch: 47.4
logoutlocation:
  world: Survival
  x: 21180.8363527609
  y: 85.0
  z: 17837.256888698295
  yaw: 74.85071
  pitch: 58.950012
afk: false
