lastAccountName: DoiHoi
timestamps:
  login: 1528762918084
  lastteleport: 1528691093861
  logout: 1528691366426
  kits:
    starter: 1528665135317
    claim: 1528690369111
    iron: 1528763017481
ipAddress: 68.111.219.232
lastlocation:
  world: Survival
  x: 21185.607120480094
  y: 82.0
  z: 17839.224441182767
  yaw: 101.65892
  pitch: 49.35
homes:
  home:
    world: Survival
    x: 21181.260422132116
    y: 85.0
    z: 17836.47771709075
    yaw: 98.099976
    pitch: 47.4
logoutlocation:
  world: Survival
  x: 21180.8363527609
  y: 85.0
  z: 17837.256888698295
  yaw: 74.85071
  pitch: 58.950012
afk: false
