lastAccountName: DoiHoi
timestamps:
  login: 1528681788569
  lastteleport: 1528682717656
  logout: 1528667336785
  kits:
    starter: 1528665135317
ipAddress: 68.111.219.232
lastlocation:
  world: Survival
  x: 21141.52294390146
  y: 68.0
  z: 17801.48581781499
  yaw: 198.37613
  pitch: 15.000044
homes:
  home:
    world: Survival
    x: 21182.16104894875
    y: 67.0
    z: 17811.024243222753
    yaw: 305.02625
    pitch: 26.70003
logoutlocation:
  world: Survival
  x: 49392.86505374207
  y: 90.0
  z: 11834.539245988173
  yaw: 165.29968
  pitch: 39.29996
afk: false
