lastAccountName: DoiHoi
timestamps:
  login: 1528686506123
  lastteleport: 1528683850664
  logout: 1528684708956
  kits:
    starter: 1528665135317
ipAddress: 68.111.219.232
lastlocation:
  world: Survival
  x: 21157.581335543182
  y: 48.0
  z: 17972.156086985993
  yaw: 307.22467
  pitch: 11.39996
homes:
  home:
    world: Survival
    x: 21182.16104894875
    y: 67.0
    z: 17811.024243222753
    yaw: 305.02625
    pitch: 26.70003
logoutlocation:
  world: Survival
  x: 21183.278974401554
  y: 86.0
  z: 17828.307673595427
  yaw: 169.7268
  pitch: 37.949997
afk: false
