lastAccountName: DoiHoi
timestamps:
  login: 1528662916422
  lastteleport: 1528572370271
  logout: 1528662910718
  kits:
    starter: 1528665135317
ipAddress: 68.111.219.232
lastlocation:
  world: Survival
  x: 21165.57640503486
  y: 13.0
  z: 17812.718537686276
  yaw: 330.59985
  pitch: 18.749998
homes:
  home:
    world: Survival
    x: 21182.16104894875
    y: 67.0
    z: 17811.024243222753
    yaw: 305.02625
    pitch: 26.70003
logoutlocation:
  world: Survival
  x: 21183.001790527676
  y: 86.5
  z: 17827.225110917843
  yaw: 183.59906
  pitch: 16.94999
