lastAccountName: DoiHoi
timestamps:
  login: 1532046378530
  lastteleport: 1529958873034
  logout: 1529963936426
  kits:
    starter: 1529540115210
    claim: 1528690369111
    iron: 1529539615557
ipAddress: 68.111.219.232
lastlocation:
  world: Survival
  x: 21211.4457069313
  y: 67.0
  z: 17425.288047122693
  yaw: -182.31914
  pitch: -1.267165
homes:
  home:
    world: Survival
    x: 21210.652033760038
    y: 64.0
    z: 17381.506244477332
    yaw: -12.847776
    pitch: 29.399998
logoutlocation:
  world: Survival
  x: 21211.801933006096
  y: 72.0
  z: 17383.07112053163
  yaw: 120.20154
  pitch: 24.14998
afk: false
godmode: false
