lastAccountName: DoiHoi
timestamps:
  login: 1528662916422
  lastteleport: 1528665386382
  logout: 1528662910718
  kits:
    starter: 1528665135317
ipAddress: 68.111.219.232
lastlocation:
  world: Survival
  x: 21285.010346138475
  y: 63.9375
  z: 17535.562645290378
  yaw: -176.13586
  pitch: 29.39996
homes:
  home:
    world: Survival
    x: 21182.16104894875
    y: 67.0
    z: 17811.024243222753
    yaw: 305.02625
    pitch: 26.70003
logoutlocation:
  world: Survival
  x: 21183.001790527676
  y: 86.5
  z: 17827.225110917843
  yaw: 183.59906
  pitch: 16.94999
afk: true
