lastAccountName: DoiHoi
timestamps:
  login: 1528688649158
  lastteleport: 1528688072422
  logout: 1528688643742
  kits:
    starter: 1528665135317
    claim: 1528690369111
ipAddress: 68.111.219.232
lastlocation:
  world: Survival
  x: 19438.267691214634
  y: 70.0
  z: 33848.24274044643
  yaw: 145.94998
  pitch: 19.8
homes:
  home:
    world: Survival
    x: 21181.260422132116
    y: 85.0
    z: 17836.47771709075
    yaw: 98.099976
    pitch: 47.4
logoutlocation:
  world: Survival
  x: 21112.361510345378
  y: 68.8500000178814
  z: 17808.436455223968
  yaw: 97.51619
  pitch: 16.500002
afk: false
