lastAccountName: DoiHoi
timestamps:
  login: 1528569885892
  lastteleport: 1528572370271
ipAddress: 68.111.219.232
lastlocation:
  world: Survival
  x: 21165.57640503486
  y: 13.0
  z: 17812.718537686276
  yaw: 330.59985
  pitch: 18.749998
