lastAccountName: DoiHoi
timestamps:
  login: 1528688103496
  lastteleport: 1528688072422
  logout: 1528688076567
  kits:
    starter: 1528665135317
ipAddress: 68.111.219.232
lastlocation:
  world: Survival
  x: 19438.267691214634
  y: 70.0
  z: 33848.24274044643
  yaw: 145.94998
  pitch: 19.8
homes:
  home:
    world: Survival
    x: 21182.16104894875
    y: 67.0
    z: 17811.024243222753
    yaw: 305.02625
    pitch: 26.70003
logoutlocation:
  world: Survival
  x: 21182.5
  y: 67.0
  z: 17811.5
  yaw: 305.02625
  pitch: 26.70003
afk: false
