lastAccountName: DoiHoi
timestamps:
  login: 1528661386594
  lastteleport: 1528572370271
  logout: 1528578066931
ipAddress: 68.111.219.232
lastlocation:
  world: Survival
  x: 21165.57640503486
  y: 13.0
  z: 17812.718537686276
  yaw: 330.59985
  pitch: 18.749998
homes:
  home:
    world: Survival
    x: 21182.16104894875
    y: 67.0
    z: 17811.024243222753
    yaw: 305.02625
    pitch: 26.70003
logoutlocation:
  world: Survival
  x: 21185.497556269256
  y: 79.5
  z: 17819.086323533906
  yaw: 122.24849
  pitch: 17.550007
