lastAccountName: Xayeent
timestamps:
  login: 1529808323380
  lastteleport: 1529810593146
  kits:
    claim: 1529809400660
  logout: 1529810612269
ipAddress: 37.242.224.184
lastlocation:
  world: Survival
  x: 14996.699999988079
  y: 30.0
  z: 37678.69999998808
  yaw: -262.5752
  pitch: 10.144269
homes:
  home:
    world: Survival
    x: 15141.394389015551
    y: 78.0
    z: 37658.74163215147
    yaw: -40.874756
    pitch: -1.4373688
logoutlocation:
  world: Survival
  x: 15170.073957117715
  y: 80.0
  z: 37695.134432359955
  yaw: -78.44584
  pitch: 15.220165
