jails: 
  "best-jail": 
    world: Survival
    x: 152.6183155661816
    y: 68.0
    z: 463.8864615728875
    yaw: 179.0999
    pitch: 27.150013
