jails: 
  triple_craft: 
    world: Survival
    x: 29240.62746685875
    y: 70.0
    z: 46897.557895032725
    yaw: 26.39917
    pitch: 17.249989
