jails: 
  triple_craft: 
    world: Survival
    x: 29240.62746685875
    y: 70.0
    z: 46897.557895032725
    yaw: 26.39917
    pitch: 17.249989
  jail: 
    world: Survival
    x: 118.77991179692587
    y: 87.0
    z: 555.9110870386859
    yaw: 272.21985
    pitch: 89.85
