spawns: 
  default: 
    world: Survival
    x: 128.5
    y: 76.0
    z: 544.5
    yaw: -16.08191
    pitch: 75.90005
