world: Survival
x: 133.025817195861
y: 78.0
z: 801.3960401613223
yaw: 352.12543
pitch: 5.8500543
name: barn
