world: Survival
x: -11.532412445331529
y: 11.0
z: 1487.4556475528343
yaw: 231.29242
pitch: 84.90002
name: cave
