world: Creative
x: 124.5
y: 65.0
z: 128.5
yaw: 139.80002
pitch: 88.799995
name: creative
