world: Creative
x: -67.49708103766898
y: 65.0
z: -67.69999998807907
yaw: 4.500001
pitch: 87.45002
name: creative
