world: DrCraft
x: -67.17249568573762
y: 72.0
z: 30.623853407543457
yaw: 207.0
pitch: 32.849995
name: drcraft-spawn
