world: Survival
x: 30671.20631842813
y: 70.0
z: 36001.07079846945
yaw: -11.0355835
pitch: 2.5385997
name: HaydHome
