world: Survival
x: 21181.664302018908
y: 68.0
z: 17804.430408428547
yaw: 23.590466
pitch: 9.872131
name: HoiDoisTreehouse
