world: Survival
x: 21204.619668789193
y: 64.0
z: 17392.0139837614
yaw: 212.31403
pitch: 5.733706
name: HoiDoiHome
