world: Survival
x: 36518.616849482794
y: 64.0
z: 27205.54289820677
yaw: 60.000763
pitch: -8.699853
name: library
