world: Survival
x: 47.150338168268725
y: 39.0
z: 734.0959018791007
yaw: -114.26408
pitch: 2.8499153
name: mine
