world: Survival
x: 44.6739504348271
y: 19.0
z: 733.6326783878532
yaw: -275.06387
pitch: 5.6999483
name: mineshaft
