world: Survival
x: 35530.5
y: 66.0
z: 32930.5
yaw: 295.05026
pitch: 12.450023
name: MYVILLAGE
