world: Survival
x: 36517.38510967425
y: 64.0
z: 27196.077171151737
yaw: -0.2992747
pitch: 4.500145
name: newlibrary
