world: Staff
x: 1836.5
y: 55.0
z: -743.5
yaw: 90.30284
pitch: 0.1500018
name: s-staff
