world: Survival
x: 4.5
y: 81.0
z: 507.5
yaw: -106.53183
pitch: 84.30001
name: s-survival
