world: Survival
x: 128.5
y: 76.0
z: 544.5
yaw: 1.0500166
pitch: 2.700013
name: s-survival
