world: survival
x: -11293.124901249896
y: 64.5
z: -2000.267434714157
yaw: 91.80052
pitch: -3.150025
name: shop
