world: Survival
x: 21.928369630409733
y: 76.0
z: 509.95301654212074
yaw: 207.86807
pitch: -1.0499601
name: spawntwo
