world: Survival
x: 228.99869285694427
y: 72.0
z: 345.69605838787953
yaw: 159.56323
pitch: 4.949995
name: SpikesHouse
