world: Staff
x: 1836.5
y: 55.0
z: -743.5
yaw: -180.74716
pitch: 0.3000033
name: staff
