world: Survival
x: 156.07736582955408
y: 70.0
z: 378.14558764299494
yaw: -308.24982
pitch: -1.799978
name: treehouse
