world: Survival
x: 111.2977787442572
y: 67.0
z: 553.3000000119209
yaw: -82.98868
pitch: 9.450015
name: UnderSpawn
