world: Survival
x: 35557.236880499084
y: 62.9375
z: 32911.88441511846
yaw: 181.50017
pitch: 4.050062
name: villagethree
