world: Survival
x: 156.02237507004355
y: 70.0
z: -183.2063734915689
yaw: 62.92003
pitch: 4.6499963
name: villagethree
