world: Survival
x: 1496.7242880322642
y: 71.0
z: 49572.229622556995
yaw: 34.738274
pitch: -23.985735
name: winterwonderland
